func_1:
  block_0:
    i = 0
  前驱: 
  后继: 1, 
  def1: 0, 0, 0, 0, 0, 0, 0, 0, 0, 
  use1: 0, 0, 0, 0, 0, 0, 0, 0, 0, 
  in1: 0, 0, 0, 0, 0, 0, 0, 0, 0, 
  out1: 0, 0, 0, 0, 0, 0, 0, 0, 0, 

  block_1:
    label_0:
    $t0 = i
    $t0 < 51
    BZ label_1
  前驱: 0, 2, 
  后继: 3, 2, 
  def1: 1, 1, 0, 0, 0, 0, 0, 0, 0, 
  use1: 0, 0, 0, 0, 0, 0, 0, 0, 0, 
  in1: 0, 0, 0, 0, 0, 0, 0, 0, 0, 
  out1: 0, 0, 0, 0, 0, 0, 0, 0, 0, 

  block_2:
    $t2 = i
    $t3 = i
    $t4 = -$t3
    fibo[$t2] = $t4
    $t5 = i
    $t6 = 99 - $t5
    fibo[$t6] = 0
    $t7 = i
    $t8 = $t7 + 1
    i = $t8
    GOTO label_0
  前驱: 1, 
  后继: 1, 
  def1: 0, 0, 1, 1, 1, 1, 1, 1, 1, 
  use1: 0, 0, 0, 0, 0, 0, 0, 0, 0, 
  in1: 0, 0, 0, 0, 0, 0, 0, 0, 0, 
  out1: 0, 0, 0, 0, 0, 0, 0, 0, 0, 

  block_3:
    label_1:
    ret
  前驱: 1, 
  后继: 
  def1: 0, 0, 0, 0, 0, 0, 0, 0, 0, 
  use1: 0, 0, 0, 0, 0, 0, 0, 0, 0, 
  in1: 0, 0, 0, 0, 0, 0, 0, 0, 0, 
  out1: 0, 0, 0, 0, 0, 0, 0, 0, 0, 

  block_4:
    ret
  前驱: 
  后继: 
  def1: 0, 0, 0, 0, 0, 0, 0, 0, 0, 
  use1: 0, 0, 0, 0, 0, 0, 0, 0, 0, 
  in1: 0, 0, 0, 0, 0, 0, 0, 0, 0, 
  out1: 0, 0, 0, 0, 0, 0, 0, 0, 0, 


func_2:
  block_5:
    n == 0
    BZ label_3
  前驱: 
  后继: 8, 6, 
  def1: 0, 1, 0, 0, 0, 0, 0, 0, 0, 0, 0, 
  use1: 1, 0, 0, 0, 0, 0, 0, 0, 0, 0, 0, 
  in1: 1, 0, 0, 0, 0, 0, 0, 0, 0, 0, 0, 
  out1: 1, 0, 0, 0, 0, 0, 0, 0, 0, 0, 0, 

  block_6:
    ret
  前驱: 5, 
  后继: 
  def1: 0, 0, 0, 0, 0, 0, 0, 0, 0, 0, 0, 
  use1: 0, 0, 0, 0, 0, 0, 0, 0, 0, 0, 0, 
  in1: 0, 0, 0, 0, 0, 0, 0, 0, 0, 0, 0, 
  out1: 0, 0, 0, 0, 0, 0, 0, 0, 0, 0, 0, 

  block_7:
    GOTO label_2
  前驱: 
  后继: 18, 
  def1: 0, 0, 0, 0, 0, 0, 0, 0, 0, 0, 0, 
  use1: 0, 0, 0, 0, 0, 0, 0, 0, 0, 0, 0, 
  in1: 0, 0, 0, 0, 0, 0, 0, 0, 0, 0, 0, 
  out1: 0, 0, 0, 0, 0, 0, 0, 0, 0, 0, 0, 

  block_8:
    label_3:
    n == 1
    BZ label_4
  前驱: 5, 
  后继: 11, 9, 
  def1: 0, 0, 1, 0, 0, 0, 0, 0, 0, 0, 0, 
  use1: 1, 0, 0, 0, 0, 0, 0, 0, 0, 0, 0, 
  in1: 1, 0, 0, 0, 0, 0, 0, 0, 0, 0, 0, 
  out1: 1, 0, 0, 0, 0, 0, 0, 0, 0, 0, 0, 

  block_9:
    ret
  前驱: 8, 
  后继: 
  def1: 0, 0, 0, 0, 0, 0, 0, 0, 0, 0, 0, 
  use1: 0, 0, 0, 0, 0, 0, 0, 0, 0, 0, 0, 
  in1: 0, 0, 0, 0, 0, 0, 0, 0, 0, 0, 0, 
  out1: 0, 0, 0, 0, 0, 0, 0, 0, 0, 0, 0, 

  block_10:
    GOTO label_2
  前驱: 
  后继: 18, 
  def1: 0, 0, 0, 0, 0, 0, 0, 0, 0, 0, 0, 
  use1: 0, 0, 0, 0, 0, 0, 0, 0, 0, 0, 0, 
  in1: 0, 0, 0, 0, 0, 0, 0, 0, 0, 0, 0, 
  out1: 0, 0, 0, 0, 0, 0, 0, 0, 0, 0, 0, 

  block_11:
    label_4:
    $t2 = fibo[n]
    $t2 == 0
    BZ label_5
  前驱: 8, 
  后继: 17, 12, 
  def1: 0, 0, 0, 1, 1, 0, 0, 0, 0, 0, 0, 
  use1: 1, 0, 0, 0, 0, 0, 0, 0, 0, 0, 0, 
  in1: 1, 0, 0, 0, 0, 0, 0, 0, 0, 0, 0, 
  out1: 1, 0, 0, 0, 0, 0, 0, 0, 0, 0, 0, 

  block_12:
    $t4 = n - 1
    push $t4
  前驱: 11, 
  后继: 13, 
  def1: 0, 0, 0, 0, 0, 1, 0, 0, 0, 0, 0, 
  use1: 1, 0, 0, 0, 0, 0, 0, 0, 0, 0, 0, 
  in1: 1, 0, 0, 0, 0, 0, 0, 0, 0, 0, 0, 
  out1: 1, 0, 0, 0, 0, 0, 0, 0, 0, 0, 0, 

  block_13:
    call fibonacci
  前驱: 12, 
  后继: 14, 
  def1: 0, 0, 0, 0, 0, 0, 0, 0, 0, 0, 0, 
  use1: 0, 0, 0, 0, 0, 0, 0, 0, 0, 0, 0, 
  in1: 1, 0, 0, 0, 0, 0, 0, 0, 0, 0, 0, 
  out1: 1, 0, 0, 0, 0, 0, 0, 0, 0, 0, 0, 

  block_14:
    $t5 = RET
    $t6 = n - 2
    push $t6
  前驱: 13, 
  后继: 15, 
  def1: 0, 0, 0, 0, 0, 0, 1, 1, 0, 0, 0, 
  use1: 1, 0, 0, 0, 0, 0, 0, 0, 0, 0, 0, 
  in1: 1, 0, 0, 0, 0, 0, 0, 0, 0, 0, 0, 
  out1: 1, 0, 0, 0, 0, 0, 1, 0, 0, 0, 0, 

  block_15:
    call fibonacci
  前驱: 14, 
  后继: 16, 
  def1: 0, 0, 0, 0, 0, 0, 0, 0, 0, 0, 0, 
  use1: 0, 0, 0, 0, 0, 0, 0, 0, 0, 0, 0, 
  in1: 1, 0, 0, 0, 0, 0, 1, 0, 0, 0, 0, 
  out1: 1, 0, 0, 0, 0, 0, 1, 0, 0, 0, 0, 

  block_16:
    $t7 = RET
    $t8 = $t5 + $t7
    fibo[n] = $t8
  前驱: 15, 
  后继: 17, 
  def1: 0, 0, 0, 0, 0, 0, 0, 0, 1, 1, 0, 
  use1: 1, 0, 0, 0, 0, 0, 1, 0, 0, 0, 0, 
  in1: 1, 0, 0, 0, 0, 0, 1, 0, 0, 0, 0, 
  out1: 1, 0, 0, 0, 0, 0, 0, 0, 0, 0, 0, 

  block_17:
    label_5:
    $t9 = fibo[n]
    ret
  前驱: 11, 16, 
  后继: 
  def1: 0, 0, 0, 0, 0, 0, 0, 0, 0, 0, 1, 
  use1: 1, 0, 0, 0, 0, 0, 0, 0, 0, 0, 0, 
  in1: 1, 0, 0, 0, 0, 0, 0, 0, 0, 0, 0, 
  out1: 0, 0, 0, 0, 0, 0, 0, 0, 0, 0, 0, 

  block_18:
    label_2:
    ret
  前驱: 7, 10, 
  后继: 
  def1: 0, 0, 0, 0, 0, 0, 0, 0, 0, 0, 0, 
  use1: 0, 0, 0, 0, 0, 0, 0, 0, 0, 0, 0, 
  in1: 0, 0, 0, 0, 0, 0, 0, 0, 0, 0, 0, 
  out1: 0, 0, 0, 0, 0, 0, 0, 0, 0, 0, 0, 


func_3:
  block_19:
    n == 0
    BZ label_6
  前驱: 
  后继: 21, 20, 
  def1: 0, 1, 0, 0, 0, 
  use1: 1, 0, 0, 0, 0, 
  in1: 1, 0, 0, 0, 0, 
  out1: 1, 0, 0, 0, 0, 

  block_20:
    ret
  前驱: 19, 
  后继: 
  def1: 0, 0, 0, 0, 0, 
  use1: 0, 0, 0, 0, 0, 
  in1: 0, 0, 0, 0, 0, 
  out1: 0, 0, 0, 0, 0, 

  block_21:
    label_6:
    $t1 = n - 1
    push $t1
  前驱: 19, 
  后继: 22, 
  def1: 0, 0, 1, 0, 0, 
  use1: 1, 0, 0, 0, 0, 
  in1: 1, 0, 0, 0, 0, 
  out1: 1, 0, 0, 0, 0, 

  block_22:
    call factorial
  前驱: 21, 
  后继: 23, 
  def1: 0, 0, 0, 0, 0, 
  use1: 0, 0, 0, 0, 0, 
  in1: 1, 0, 0, 0, 0, 
  out1: 1, 0, 0, 0, 0, 

  block_23:
    $t2 = RET
    $t3 = n * $t2
    ret
  前驱: 22, 
  后继: 
  def1: 0, 0, 0, 1, 1, 
  use1: 1, 0, 0, 0, 0, 
  in1: 1, 0, 0, 0, 0, 
  out1: 0, 0, 0, 0, 0, 

  block_24:
    ret
  前驱: 
  后继: 
  def1: 0, 0, 0, 0, 0, 
  use1: 0, 0, 0, 0, 0, 
  in1: 0, 0, 0, 0, 0, 
  out1: 0, 0, 0, 0, 0, 


func_4:
  block_25:
    $t0 = num[i]
    tmp = $t0
    $t1 = num[j]
    num[i] = $t1
    num[j] = tmp
    ret
  前驱: 
  后继: 
  def1: 0, 0, 1, 1, 1, 
  use1: 1, 1, 0, 0, 0, 
  in1: 1, 1, 0, 0, 0, 
  out1: 0, 0, 0, 0, 0, 

  block_26:
    ret
  前驱: 
  后继: 
  def1: 0, 0, 0, 0, 0, 
  use1: 0, 0, 0, 0, 0, 
  in1: 0, 0, 0, 0, 0, 
  out1: 0, 0, 0, 0, 0, 


func_5:
  block_27:
    left >= right
    BZ label_7
  前驱: 
  后继: 29, 28, 
  def1: 0, 0, 0, 0, 1, 0, 0, 0, 0, 0, 0, 0, 0, 0, 
  use1: 1, 1, 0, 0, 0, 0, 0, 0, 0, 0, 0, 0, 0, 0, 
  in1: 1, 1, 0, 0, 0, 0, 0, 0, 0, 0, 0, 0, 0, 0, 
  out1: 1, 1, 0, 0, 0, 0, 0, 0, 0, 0, 0, 0, 0, 0, 

  block_28:
    ret
  前驱: 27, 
  后继: 
  def1: 0, 0, 0, 0, 0, 0, 0, 0, 0, 0, 0, 0, 0, 0, 
  use1: 0, 0, 0, 0, 0, 0, 0, 0, 0, 0, 0, 0, 0, 0, 
  in1: 0, 0, 0, 0, 0, 0, 0, 0, 0, 0, 0, 0, 0, 0, 
  out1: 0, 0, 0, 0, 0, 0, 0, 0, 0, 0, 0, 0, 0, 0, 

  block_29:
    label_7:
    i = left
    $t1 = left + 1
    j = $t1
  前驱: 27, 
  后继: 30, 
  def1: 0, 0, 1, 1, 0, 1, 0, 0, 0, 0, 0, 0, 0, 0, 
  use1: 1, 0, 0, 0, 0, 0, 0, 0, 0, 0, 0, 0, 0, 0, 
  in1: 1, 1, 0, 0, 0, 0, 0, 0, 0, 0, 0, 0, 0, 0, 
  out1: 1, 1, 1, 1, 0, 0, 0, 0, 0, 0, 0, 0, 0, 0, 

  block_30:
    label_8:
    j <= right
    BZ label_9
  前驱: 29, 34, 
  后继: 35, 31, 
  def1: 0, 0, 0, 0, 0, 0, 1, 0, 0, 0, 0, 0, 0, 0, 
  use1: 0, 1, 0, 1, 0, 0, 0, 0, 0, 0, 0, 0, 0, 0, 
  in1: 1, 1, 1, 1, 0, 0, 0, 0, 0, 0, 0, 0, 0, 0, 
  out1: 1, 1, 1, 1, 0, 0, 0, 0, 0, 0, 0, 0, 0, 0, 

  block_31:
    $t3 = num[j]
    $t4 = num[left]
    $t3 < $t4
    BZ label_10
  前驱: 30, 
  后继: 34, 32, 
  def1: 0, 0, 0, 0, 0, 0, 0, 1, 1, 1, 0, 0, 0, 0, 
  use1: 1, 0, 0, 1, 0, 0, 0, 0, 0, 0, 0, 0, 0, 0, 
  in1: 1, 1, 1, 1, 0, 0, 0, 0, 0, 0, 0, 0, 0, 0, 
  out1: 1, 1, 1, 1, 0, 0, 0, 0, 0, 0, 0, 0, 0, 0, 

  block_32:
    $t6 = i + 1
    i = $t6
    push i
    push j
  前驱: 31, 
  后继: 33, 
  def1: 0, 0, 0, 0, 0, 0, 0, 0, 0, 0, 1, 0, 0, 0, 
  use1: 0, 0, 1, 1, 0, 0, 0, 0, 0, 0, 0, 0, 0, 0, 
  in1: 1, 1, 1, 1, 0, 0, 0, 0, 0, 0, 0, 0, 0, 0, 
  out1: 1, 1, 1, 1, 0, 0, 0, 0, 0, 0, 0, 0, 0, 0, 

  block_33:
    call swap
  前驱: 32, 
  后继: 34, 
  def1: 0, 0, 0, 0, 0, 0, 0, 0, 0, 0, 0, 0, 0, 0, 
  use1: 0, 0, 0, 0, 0, 0, 0, 0, 0, 0, 0, 0, 0, 0, 
  in1: 1, 1, 1, 1, 0, 0, 0, 0, 0, 0, 0, 0, 0, 0, 
  out1: 1, 1, 1, 1, 0, 0, 0, 0, 0, 0, 0, 0, 0, 0, 

  block_34:
    label_10:
    $t7 = j + 1
    j = $t7
    GOTO label_8
  前驱: 31, 33, 
  后继: 30, 
  def1: 0, 0, 0, 0, 0, 0, 0, 0, 0, 0, 0, 1, 0, 0, 
  use1: 0, 0, 0, 1, 0, 0, 0, 0, 0, 0, 0, 0, 0, 0, 
  in1: 1, 1, 1, 1, 0, 0, 0, 0, 0, 0, 0, 0, 0, 0, 
  out1: 1, 1, 1, 1, 0, 0, 0, 0, 0, 0, 0, 0, 0, 0, 

  block_35:
    label_9:
    push left
    push i
  前驱: 30, 
  后继: 36, 
  def1: 0, 0, 0, 0, 0, 0, 0, 0, 0, 0, 0, 0, 0, 0, 
  use1: 1, 0, 1, 0, 0, 0, 0, 0, 0, 0, 0, 0, 0, 0, 
  in1: 1, 1, 1, 0, 0, 0, 0, 0, 0, 0, 0, 0, 0, 0, 
  out1: 1, 1, 1, 0, 0, 0, 0, 0, 0, 0, 0, 0, 0, 0, 

  block_36:
    call swap
  前驱: 35, 
  后继: 37, 
  def1: 0, 0, 0, 0, 0, 0, 0, 0, 0, 0, 0, 0, 0, 0, 
  use1: 0, 0, 0, 0, 0, 0, 0, 0, 0, 0, 0, 0, 0, 0, 
  in1: 1, 1, 1, 0, 0, 0, 0, 0, 0, 0, 0, 0, 0, 0, 
  out1: 1, 1, 1, 0, 0, 0, 0, 0, 0, 0, 0, 0, 0, 0, 

  block_37:
    push left
    $t8 = i - 1
    push $t8
  前驱: 36, 
  后继: 38, 
  def1: 0, 0, 0, 0, 0, 0, 0, 0, 0, 0, 0, 0, 1, 0, 
  use1: 1, 0, 1, 0, 0, 0, 0, 0, 0, 0, 0, 0, 0, 0, 
  in1: 1, 1, 1, 0, 0, 0, 0, 0, 0, 0, 0, 0, 0, 0, 
  out1: 0, 1, 1, 0, 0, 0, 0, 0, 0, 0, 0, 0, 0, 0, 

  block_38:
    call sort
  前驱: 37, 
  后继: 39, 
  def1: 0, 0, 0, 0, 0, 0, 0, 0, 0, 0, 0, 0, 0, 0, 
  use1: 0, 0, 0, 0, 0, 0, 0, 0, 0, 0, 0, 0, 0, 0, 
  in1: 0, 1, 1, 0, 0, 0, 0, 0, 0, 0, 0, 0, 0, 0, 
  out1: 0, 1, 1, 0, 0, 0, 0, 0, 0, 0, 0, 0, 0, 0, 

  block_39:
    $t9 = i + 1
    push $t9
    push right
  前驱: 38, 
  后继: 40, 
  def1: 0, 0, 0, 0, 0, 0, 0, 0, 0, 0, 0, 0, 0, 1, 
  use1: 0, 1, 1, 0, 0, 0, 0, 0, 0, 0, 0, 0, 0, 0, 
  in1: 0, 1, 1, 0, 0, 0, 0, 0, 0, 0, 0, 0, 0, 0, 
  out1: 0, 0, 0, 0, 0, 0, 0, 0, 0, 0, 0, 0, 0, 0, 

  block_40:
    call sort
  前驱: 39, 
  后继: 41, 
  def1: 0, 0, 0, 0, 0, 0, 0, 0, 0, 0, 0, 0, 0, 0, 
  use1: 0, 0, 0, 0, 0, 0, 0, 0, 0, 0, 0, 0, 0, 0, 
  in1: 0, 0, 0, 0, 0, 0, 0, 0, 0, 0, 0, 0, 0, 0, 
  out1: 0, 0, 0, 0, 0, 0, 0, 0, 0, 0, 0, 0, 0, 0, 

  block_41:
    ret
  前驱: 40, 
  后继: 
  def1: 0, 0, 0, 0, 0, 0, 0, 0, 0, 0, 0, 0, 0, 0, 
  use1: 0, 0, 0, 0, 0, 0, 0, 0, 0, 0, 0, 0, 0, 0, 
  in1: 0, 0, 0, 0, 0, 0, 0, 0, 0, 0, 0, 0, 0, 0, 
  out1: 0, 0, 0, 0, 0, 0, 0, 0, 0, 0, 0, 0, 0, 0, 


func_6:
  block_42:
    op == '+'
    BZ label_12
  前驱: 
  后继: 45, 43, 
  def1: 0, 0, 0, 1, 0, 0, 0, 0, 0, 0, 0, 
  use1: 0, 0, 1, 0, 0, 0, 0, 0, 0, 0, 0, 
  in1: 1, 1, 1, 0, 0, 0, 0, 0, 0, 0, 0, 
  out1: 1, 1, 1, 0, 0, 0, 0, 0, 0, 0, 0, 

  block_43:
    $t1 = a + b
    ret
  前驱: 42, 
  后继: 
  def1: 0, 0, 0, 0, 1, 0, 0, 0, 0, 0, 0, 
  use1: 1, 1, 0, 0, 0, 0, 0, 0, 0, 0, 0, 
  in1: 1, 1, 0, 0, 0, 0, 0, 0, 0, 0, 0, 
  out1: 0, 0, 0, 0, 0, 0, 0, 0, 0, 0, 0, 

  block_44:
    GOTO label_11
  前驱: 
  后继: 55, 
  def1: 0, 0, 0, 0, 0, 0, 0, 0, 0, 0, 0, 
  use1: 0, 0, 0, 0, 0, 0, 0, 0, 0, 0, 0, 
  in1: 0, 0, 0, 0, 0, 0, 0, 0, 0, 0, 0, 
  out1: 0, 0, 0, 0, 0, 0, 0, 0, 0, 0, 0, 

  block_45:
    label_12:
    op == '-'
    BZ label_13
  前驱: 42, 
  后继: 48, 46, 
  def1: 0, 0, 0, 0, 0, 1, 0, 0, 0, 0, 0, 
  use1: 0, 0, 1, 0, 0, 0, 0, 0, 0, 0, 0, 
  in1: 1, 1, 1, 0, 0, 0, 0, 0, 0, 0, 0, 
  out1: 1, 1, 1, 0, 0, 0, 0, 0, 0, 0, 0, 

  block_46:
    $t3 = a - b
    ret
  前驱: 45, 
  后继: 
  def1: 0, 0, 0, 0, 0, 0, 1, 0, 0, 0, 0, 
  use1: 1, 1, 0, 0, 0, 0, 0, 0, 0, 0, 0, 
  in1: 1, 1, 0, 0, 0, 0, 0, 0, 0, 0, 0, 
  out1: 0, 0, 0, 0, 0, 0, 0, 0, 0, 0, 0, 

  block_47:
    GOTO label_11
  前驱: 
  后继: 55, 
  def1: 0, 0, 0, 0, 0, 0, 0, 0, 0, 0, 0, 
  use1: 0, 0, 0, 0, 0, 0, 0, 0, 0, 0, 0, 
  in1: 0, 0, 0, 0, 0, 0, 0, 0, 0, 0, 0, 
  out1: 0, 0, 0, 0, 0, 0, 0, 0, 0, 0, 0, 

  block_48:
    label_13:
    op == '*'
    BZ label_14
  前驱: 45, 
  后继: 51, 49, 
  def1: 0, 0, 0, 0, 0, 0, 0, 1, 0, 0, 0, 
  use1: 0, 0, 1, 0, 0, 0, 0, 0, 0, 0, 0, 
  in1: 1, 1, 1, 0, 0, 0, 0, 0, 0, 0, 0, 
  out1: 1, 1, 1, 0, 0, 0, 0, 0, 0, 0, 0, 

  block_49:
    $t5 = a * b
    ret
  前驱: 48, 
  后继: 
  def1: 0, 0, 0, 0, 0, 0, 0, 0, 1, 0, 0, 
  use1: 1, 1, 0, 0, 0, 0, 0, 0, 0, 0, 0, 
  in1: 1, 1, 0, 0, 0, 0, 0, 0, 0, 0, 0, 
  out1: 0, 0, 0, 0, 0, 0, 0, 0, 0, 0, 0, 

  block_50:
    GOTO label_11
  前驱: 
  后继: 55, 
  def1: 0, 0, 0, 0, 0, 0, 0, 0, 0, 0, 0, 
  use1: 0, 0, 0, 0, 0, 0, 0, 0, 0, 0, 0, 
  in1: 0, 0, 0, 0, 0, 0, 0, 0, 0, 0, 0, 
  out1: 0, 0, 0, 0, 0, 0, 0, 0, 0, 0, 0, 

  block_51:
    label_14:
    op == '/'
    BZ label_15
  前驱: 48, 
  后继: 54, 52, 
  def1: 0, 0, 0, 0, 0, 0, 0, 0, 0, 1, 0, 
  use1: 0, 0, 1, 0, 0, 0, 0, 0, 0, 0, 0, 
  in1: 1, 1, 1, 0, 0, 0, 0, 0, 0, 0, 0, 
  out1: 1, 1, 0, 0, 0, 0, 0, 0, 0, 0, 0, 

  block_52:
    $t7 = a / b
    ret
  前驱: 51, 
  后继: 
  def1: 0, 0, 0, 0, 0, 0, 0, 0, 0, 0, 1, 
  use1: 1, 1, 0, 0, 0, 0, 0, 0, 0, 0, 0, 
  in1: 1, 1, 0, 0, 0, 0, 0, 0, 0, 0, 0, 
  out1: 0, 0, 0, 0, 0, 0, 0, 0, 0, 0, 0, 

  block_53:
    GOTO label_11
  前驱: 
  后继: 55, 
  def1: 0, 0, 0, 0, 0, 0, 0, 0, 0, 0, 0, 
  use1: 0, 0, 0, 0, 0, 0, 0, 0, 0, 0, 0, 
  in1: 0, 0, 0, 0, 0, 0, 0, 0, 0, 0, 0, 
  out1: 0, 0, 0, 0, 0, 0, 0, 0, 0, 0, 0, 

  block_54:
    label_15:
  前驱: 51, 
  后继: 55, 
  def1: 0, 0, 0, 0, 0, 0, 0, 0, 0, 0, 0, 
  use1: 0, 0, 0, 0, 0, 0, 0, 0, 0, 0, 0, 
  in1: 0, 0, 0, 0, 0, 0, 0, 0, 0, 0, 0, 
  out1: 0, 0, 0, 0, 0, 0, 0, 0, 0, 0, 0, 

  block_55:
    label_11:
    ret
  前驱: 44, 47, 50, 53, 54, 
  后继: 
  def1: 0, 0, 0, 0, 0, 0, 0, 0, 0, 0, 0, 
  use1: 0, 0, 0, 0, 0, 0, 0, 0, 0, 0, 0, 
  in1: 0, 0, 0, 0, 0, 0, 0, 0, 0, 0, 0, 
  out1: 0, 0, 0, 0, 0, 0, 0, 0, 0, 0, 0, 

  block_56:
    ret
  前驱: 
  后继: 
  def1: 0, 0, 0, 0, 0, 0, 0, 0, 0, 0, 0, 
  use1: 0, 0, 0, 0, 0, 0, 0, 0, 0, 0, 0, 
  in1: 0, 0, 0, 0, 0, 0, 0, 0, 0, 0, 0, 
  out1: 0, 0, 0, 0, 0, 0, 0, 0, 0, 0, 0, 


func_7:
  block_57:
    ret = 0
    op == 1
    BZ label_17
  前驱: 
  后继: 61, 58, 
  def1: 0, 0, 0, 1, 1, 0, 0, 0, 0, 0, 0, 0, 0, 0, 0, 0, 
  use1: 0, 0, 1, 0, 0, 0, 0, 0, 0, 0, 0, 0, 0, 0, 0, 0, 
  in1: 1, 1, 1, 0, 0, 0, 0, 0, 0, 0, 0, 0, 0, 0, 0, 0, 
  out1: 1, 1, 1, 1, 0, 0, 0, 0, 0, 0, 0, 0, 0, 0, 0, 0, 

  block_58:
    a < b
    BZ label_18
  前驱: 57, 
  后继: 60, 59, 
  def1: 0, 0, 0, 0, 0, 1, 0, 0, 0, 0, 0, 0, 0, 0, 0, 0, 
  use1: 1, 1, 0, 0, 0, 0, 0, 0, 0, 0, 0, 0, 0, 0, 0, 0, 
  in1: 1, 1, 0, 1, 0, 0, 0, 0, 0, 0, 0, 0, 0, 0, 0, 0, 
  out1: 0, 0, 0, 1, 0, 0, 0, 0, 0, 0, 0, 0, 0, 0, 0, 0, 

  block_59:
    ret = 1
  前驱: 58, 
  后继: 60, 
  def1: 0, 0, 0, 1, 0, 0, 0, 0, 0, 0, 0, 0, 0, 0, 0, 0, 
  use1: 0, 0, 0, 0, 0, 0, 0, 0, 0, 0, 0, 0, 0, 0, 0, 0, 
  in1: 0, 0, 0, 0, 0, 0, 0, 0, 0, 0, 0, 0, 0, 0, 0, 0, 
  out1: 0, 0, 0, 1, 0, 0, 0, 0, 0, 0, 0, 0, 0, 0, 0, 0, 

  block_60:
    label_18:
    GOTO label_16
  前驱: 58, 59, 
  后继: 82, 
  def1: 0, 0, 0, 0, 0, 0, 0, 0, 0, 0, 0, 0, 0, 0, 0, 0, 
  use1: 0, 0, 0, 0, 0, 0, 0, 0, 0, 0, 0, 0, 0, 0, 0, 0, 
  in1: 0, 0, 0, 1, 0, 0, 0, 0, 0, 0, 0, 0, 0, 0, 0, 0, 
  out1: 0, 0, 0, 1, 0, 0, 0, 0, 0, 0, 0, 0, 0, 0, 0, 0, 

  block_61:
    label_17:
    op == 2
    BZ label_19
  前驱: 57, 
  后继: 65, 62, 
  def1: 0, 0, 0, 0, 0, 0, 1, 0, 0, 0, 0, 0, 0, 0, 0, 0, 
  use1: 0, 0, 1, 0, 0, 0, 0, 0, 0, 0, 0, 0, 0, 0, 0, 0, 
  in1: 1, 1, 1, 1, 0, 0, 0, 0, 0, 0, 0, 0, 0, 0, 0, 0, 
  out1: 1, 1, 1, 1, 0, 0, 0, 0, 0, 0, 0, 0, 0, 0, 0, 0, 

  block_62:
    a <= b
    BZ label_20
  前驱: 61, 
  后继: 64, 63, 
  def1: 0, 0, 0, 0, 0, 0, 0, 1, 0, 0, 0, 0, 0, 0, 0, 0, 
  use1: 1, 1, 0, 0, 0, 0, 0, 0, 0, 0, 0, 0, 0, 0, 0, 0, 
  in1: 1, 1, 0, 1, 0, 0, 0, 0, 0, 0, 0, 0, 0, 0, 0, 0, 
  out1: 0, 0, 0, 1, 0, 0, 0, 0, 0, 0, 0, 0, 0, 0, 0, 0, 

  block_63:
    ret = 1
  前驱: 62, 
  后继: 64, 
  def1: 0, 0, 0, 1, 0, 0, 0, 0, 0, 0, 0, 0, 0, 0, 0, 0, 
  use1: 0, 0, 0, 0, 0, 0, 0, 0, 0, 0, 0, 0, 0, 0, 0, 0, 
  in1: 0, 0, 0, 0, 0, 0, 0, 0, 0, 0, 0, 0, 0, 0, 0, 0, 
  out1: 0, 0, 0, 1, 0, 0, 0, 0, 0, 0, 0, 0, 0, 0, 0, 0, 

  block_64:
    label_20:
    GOTO label_16
  前驱: 62, 63, 
  后继: 82, 
  def1: 0, 0, 0, 0, 0, 0, 0, 0, 0, 0, 0, 0, 0, 0, 0, 0, 
  use1: 0, 0, 0, 0, 0, 0, 0, 0, 0, 0, 0, 0, 0, 0, 0, 0, 
  in1: 0, 0, 0, 1, 0, 0, 0, 0, 0, 0, 0, 0, 0, 0, 0, 0, 
  out1: 0, 0, 0, 1, 0, 0, 0, 0, 0, 0, 0, 0, 0, 0, 0, 0, 

  block_65:
    label_19:
    op == 3
    BZ label_21
  前驱: 61, 
  后继: 69, 66, 
  def1: 0, 0, 0, 0, 0, 0, 0, 0, 1, 0, 0, 0, 0, 0, 0, 0, 
  use1: 0, 0, 1, 0, 0, 0, 0, 0, 0, 0, 0, 0, 0, 0, 0, 0, 
  in1: 1, 1, 1, 1, 0, 0, 0, 0, 0, 0, 0, 0, 0, 0, 0, 0, 
  out1: 1, 1, 1, 1, 0, 0, 0, 0, 0, 0, 0, 0, 0, 0, 0, 0, 

  block_66:
    a > b
    BZ label_22
  前驱: 65, 
  后继: 68, 67, 
  def1: 0, 0, 0, 0, 0, 0, 0, 0, 0, 1, 0, 0, 0, 0, 0, 0, 
  use1: 1, 1, 0, 0, 0, 0, 0, 0, 0, 0, 0, 0, 0, 0, 0, 0, 
  in1: 1, 1, 0, 1, 0, 0, 0, 0, 0, 0, 0, 0, 0, 0, 0, 0, 
  out1: 0, 0, 0, 1, 0, 0, 0, 0, 0, 0, 0, 0, 0, 0, 0, 0, 

  block_67:
    ret = 1
  前驱: 66, 
  后继: 68, 
  def1: 0, 0, 0, 1, 0, 0, 0, 0, 0, 0, 0, 0, 0, 0, 0, 0, 
  use1: 0, 0, 0, 0, 0, 0, 0, 0, 0, 0, 0, 0, 0, 0, 0, 0, 
  in1: 0, 0, 0, 0, 0, 0, 0, 0, 0, 0, 0, 0, 0, 0, 0, 0, 
  out1: 0, 0, 0, 1, 0, 0, 0, 0, 0, 0, 0, 0, 0, 0, 0, 0, 

  block_68:
    label_22:
    GOTO label_16
  前驱: 66, 67, 
  后继: 82, 
  def1: 0, 0, 0, 0, 0, 0, 0, 0, 0, 0, 0, 0, 0, 0, 0, 0, 
  use1: 0, 0, 0, 0, 0, 0, 0, 0, 0, 0, 0, 0, 0, 0, 0, 0, 
  in1: 0, 0, 0, 1, 0, 0, 0, 0, 0, 0, 0, 0, 0, 0, 0, 0, 
  out1: 0, 0, 0, 1, 0, 0, 0, 0, 0, 0, 0, 0, 0, 0, 0, 0, 

  block_69:
    label_21:
    op == 4
    BZ label_23
  前驱: 65, 
  后继: 73, 70, 
  def1: 0, 0, 0, 0, 0, 0, 0, 0, 0, 0, 1, 0, 0, 0, 0, 0, 
  use1: 0, 0, 1, 0, 0, 0, 0, 0, 0, 0, 0, 0, 0, 0, 0, 0, 
  in1: 1, 1, 1, 1, 0, 0, 0, 0, 0, 0, 0, 0, 0, 0, 0, 0, 
  out1: 1, 1, 1, 1, 0, 0, 0, 0, 0, 0, 0, 0, 0, 0, 0, 0, 

  block_70:
    a >= b
    BZ label_24
  前驱: 69, 
  后继: 72, 71, 
  def1: 0, 0, 0, 0, 0, 0, 0, 0, 0, 0, 0, 1, 0, 0, 0, 0, 
  use1: 1, 1, 0, 0, 0, 0, 0, 0, 0, 0, 0, 0, 0, 0, 0, 0, 
  in1: 1, 1, 0, 1, 0, 0, 0, 0, 0, 0, 0, 0, 0, 0, 0, 0, 
  out1: 0, 0, 0, 1, 0, 0, 0, 0, 0, 0, 0, 0, 0, 0, 0, 0, 

  block_71:
    ret = 1
  前驱: 70, 
  后继: 72, 
  def1: 0, 0, 0, 1, 0, 0, 0, 0, 0, 0, 0, 0, 0, 0, 0, 0, 
  use1: 0, 0, 0, 0, 0, 0, 0, 0, 0, 0, 0, 0, 0, 0, 0, 0, 
  in1: 0, 0, 0, 0, 0, 0, 0, 0, 0, 0, 0, 0, 0, 0, 0, 0, 
  out1: 0, 0, 0, 1, 0, 0, 0, 0, 0, 0, 0, 0, 0, 0, 0, 0, 

  block_72:
    label_24:
    GOTO label_16
  前驱: 70, 71, 
  后继: 82, 
  def1: 0, 0, 0, 0, 0, 0, 0, 0, 0, 0, 0, 0, 0, 0, 0, 0, 
  use1: 0, 0, 0, 0, 0, 0, 0, 0, 0, 0, 0, 0, 0, 0, 0, 0, 
  in1: 0, 0, 0, 1, 0, 0, 0, 0, 0, 0, 0, 0, 0, 0, 0, 0, 
  out1: 0, 0, 0, 1, 0, 0, 0, 0, 0, 0, 0, 0, 0, 0, 0, 0, 

  block_73:
    label_23:
    op == 5
    BZ label_25
  前驱: 69, 
  后继: 77, 74, 
  def1: 0, 0, 0, 0, 0, 0, 0, 0, 0, 0, 0, 0, 1, 0, 0, 0, 
  use1: 0, 0, 1, 0, 0, 0, 0, 0, 0, 0, 0, 0, 0, 0, 0, 0, 
  in1: 1, 1, 1, 1, 0, 0, 0, 0, 0, 0, 0, 0, 0, 0, 0, 0, 
  out1: 1, 1, 1, 1, 0, 0, 0, 0, 0, 0, 0, 0, 0, 0, 0, 0, 

  block_74:
    a != b
    BZ label_26
  前驱: 73, 
  后继: 76, 75, 
  def1: 0, 0, 0, 0, 0, 0, 0, 0, 0, 0, 0, 0, 0, 1, 0, 0, 
  use1: 1, 1, 0, 0, 0, 0, 0, 0, 0, 0, 0, 0, 0, 0, 0, 0, 
  in1: 1, 1, 0, 1, 0, 0, 0, 0, 0, 0, 0, 0, 0, 0, 0, 0, 
  out1: 0, 0, 0, 1, 0, 0, 0, 0, 0, 0, 0, 0, 0, 0, 0, 0, 

  block_75:
    ret = 1
  前驱: 74, 
  后继: 76, 
  def1: 0, 0, 0, 1, 0, 0, 0, 0, 0, 0, 0, 0, 0, 0, 0, 0, 
  use1: 0, 0, 0, 0, 0, 0, 0, 0, 0, 0, 0, 0, 0, 0, 0, 0, 
  in1: 0, 0, 0, 0, 0, 0, 0, 0, 0, 0, 0, 0, 0, 0, 0, 0, 
  out1: 0, 0, 0, 1, 0, 0, 0, 0, 0, 0, 0, 0, 0, 0, 0, 0, 

  block_76:
    label_26:
    GOTO label_16
  前驱: 74, 75, 
  后继: 82, 
  def1: 0, 0, 0, 0, 0, 0, 0, 0, 0, 0, 0, 0, 0, 0, 0, 0, 
  use1: 0, 0, 0, 0, 0, 0, 0, 0, 0, 0, 0, 0, 0, 0, 0, 0, 
  in1: 0, 0, 0, 1, 0, 0, 0, 0, 0, 0, 0, 0, 0, 0, 0, 0, 
  out1: 0, 0, 0, 1, 0, 0, 0, 0, 0, 0, 0, 0, 0, 0, 0, 0, 

  block_77:
    label_25:
    op == 6
    BZ label_27
  前驱: 73, 
  后继: 81, 78, 
  def1: 0, 0, 0, 0, 0, 0, 0, 0, 0, 0, 0, 0, 0, 0, 1, 0, 
  use1: 0, 0, 1, 0, 0, 0, 0, 0, 0, 0, 0, 0, 0, 0, 0, 0, 
  in1: 1, 1, 1, 1, 0, 0, 0, 0, 0, 0, 0, 0, 0, 0, 0, 0, 
  out1: 1, 1, 0, 1, 0, 0, 0, 0, 0, 0, 0, 0, 0, 0, 0, 0, 

  block_78:
    a == b
    BZ label_28
  前驱: 77, 
  后继: 80, 79, 
  def1: 0, 0, 0, 0, 0, 0, 0, 0, 0, 0, 0, 0, 0, 0, 0, 1, 
  use1: 1, 1, 0, 0, 0, 0, 0, 0, 0, 0, 0, 0, 0, 0, 0, 0, 
  in1: 1, 1, 0, 1, 0, 0, 0, 0, 0, 0, 0, 0, 0, 0, 0, 0, 
  out1: 0, 0, 0, 1, 0, 0, 0, 0, 0, 0, 0, 0, 0, 0, 0, 0, 

  block_79:
    ret = 1
  前驱: 78, 
  后继: 80, 
  def1: 0, 0, 0, 1, 0, 0, 0, 0, 0, 0, 0, 0, 0, 0, 0, 0, 
  use1: 0, 0, 0, 0, 0, 0, 0, 0, 0, 0, 0, 0, 0, 0, 0, 0, 
  in1: 0, 0, 0, 0, 0, 0, 0, 0, 0, 0, 0, 0, 0, 0, 0, 0, 
  out1: 0, 0, 0, 1, 0, 0, 0, 0, 0, 0, 0, 0, 0, 0, 0, 0, 

  block_80:
    label_28:
    GOTO label_16
  前驱: 78, 79, 
  后继: 82, 
  def1: 0, 0, 0, 0, 0, 0, 0, 0, 0, 0, 0, 0, 0, 0, 0, 0, 
  use1: 0, 0, 0, 0, 0, 0, 0, 0, 0, 0, 0, 0, 0, 0, 0, 0, 
  in1: 0, 0, 0, 1, 0, 0, 0, 0, 0, 0, 0, 0, 0, 0, 0, 0, 
  out1: 0, 0, 0, 1, 0, 0, 0, 0, 0, 0, 0, 0, 0, 0, 0, 0, 

  block_81:
    label_27:
  前驱: 77, 
  后继: 82, 
  def1: 0, 0, 0, 0, 0, 0, 0, 0, 0, 0, 0, 0, 0, 0, 0, 0, 
  use1: 0, 0, 0, 0, 0, 0, 0, 0, 0, 0, 0, 0, 0, 0, 0, 0, 
  in1: 0, 0, 0, 1, 0, 0, 0, 0, 0, 0, 0, 0, 0, 0, 0, 0, 
  out1: 0, 0, 0, 1, 0, 0, 0, 0, 0, 0, 0, 0, 0, 0, 0, 0, 

  block_82:
    label_16:
    ret
  前驱: 60, 64, 68, 72, 76, 80, 81, 
  后继: 
  def1: 0, 0, 0, 0, 0, 0, 0, 0, 0, 0, 0, 0, 0, 0, 0, 0, 
  use1: 0, 0, 0, 1, 0, 0, 0, 0, 0, 0, 0, 0, 0, 0, 0, 0, 
  in1: 0, 0, 0, 1, 0, 0, 0, 0, 0, 0, 0, 0, 0, 0, 0, 0, 
  out1: 0, 0, 0, 0, 0, 0, 0, 0, 0, 0, 0, 0, 0, 0, 0, 0, 

  block_83:
    ret
  前驱: 
  后继: 
  def1: 0, 0, 0, 0, 0, 0, 0, 0, 0, 0, 0, 0, 0, 0, 0, 0, 
  use1: 0, 0, 0, 0, 0, 0, 0, 0, 0, 0, 0, 0, 0, 0, 0, 0, 
  in1: 0, 0, 0, 0, 0, 0, 0, 0, 0, 0, 0, 0, 0, 0, 0, 0, 
  out1: 0, 0, 0, 0, 0, 0, 0, 0, 0, 0, 0, 0, 0, 0, 0, 0, 


func_8:
  block_84:
    label_29:
    i < j
    BZ label_30
  前驱: 85, 
  后继: 86, 85, 
  def1: 0, 0, 0, 1, 0, 0, 0, 0, 
  use1: 1, 1, 0, 0, 0, 0, 0, 0, 
  in1: 1, 1, 0, 0, 0, 0, 0, 0, 
  out1: 1, 1, 0, 0, 0, 0, 0, 0, 

  block_85:
    $t1 = str[i]
    c = $t1
    $t2 = str[j]
    str[i] = $t2
    str[j] = c
    $t3 = i + 1
    i = $t3
    $t4 = j - 1
    j = $t4
    GOTO label_29
  前驱: 84, 
  后继: 84, 
  def1: 0, 0, 1, 0, 1, 1, 1, 1, 
  use1: 1, 1, 0, 0, 0, 0, 0, 0, 
  in1: 1, 1, 0, 0, 0, 0, 0, 0, 
  out1: 1, 1, 0, 0, 0, 0, 0, 0, 

  block_86:
    label_30:
    ret
  前驱: 84, 
  后继: 
  def1: 0, 0, 0, 0, 0, 0, 0, 0, 
  use1: 0, 0, 0, 0, 0, 0, 0, 0, 
  in1: 0, 0, 0, 0, 0, 0, 0, 0, 
  out1: 0, 0, 0, 0, 0, 0, 0, 0, 


func_9:
  block_87:
    push 5
  前驱: 
  后继: 88, 
  def1: 0, 0, 0, 0, 0, 0, 0, 0, 0, 0, 0, 0, 0, 0, 0, 0, 0, 0, 0, 0, 0, 0, 0, 0, 0, 0, 0, 0, 0, 0, 0, 0, 0, 0, 0, 0, 0, 0, 0, 0, 0, 0, 0, 0, 0, 0, 0, 0, 
  use1: 0, 0, 0, 0, 0, 0, 0, 0, 0, 0, 0, 0, 0, 0, 0, 0, 0, 0, 0, 0, 0, 0, 0, 0, 0, 0, 0, 0, 0, 0, 0, 0, 0, 0, 0, 0, 0, 0, 0, 0, 0, 0, 0, 0, 0, 0, 0, 0, 
  in1: 0, 0, 0, 0, 0, 0, 0, 0, 0, 0, 0, 0, 0, 0, 0, 0, 0, 0, 0, 0, 0, 0, 0, 0, 0, 0, 0, 0, 0, 0, 0, 0, 0, 0, 0, 0, 0, 0, 0, 0, 0, 0, 0, 0, 0, 0, 0, 0, 
  out1: 0, 0, 0, 0, 0, 0, 0, 0, 0, 0, 0, 0, 0, 0, 0, 0, 0, 0, 0, 0, 0, 0, 0, 0, 0, 0, 0, 0, 0, 0, 0, 0, 0, 0, 0, 0, 0, 0, 0, 0, 0, 0, 0, 0, 0, 0, 0, 0, 

  block_88:
    call factorial
  前驱: 87, 
  后继: 89, 
  def1: 0, 0, 0, 0, 0, 0, 0, 0, 0, 0, 0, 0, 0, 0, 0, 0, 0, 0, 0, 0, 0, 0, 0, 0, 0, 0, 0, 0, 0, 0, 0, 0, 0, 0, 0, 0, 0, 0, 0, 0, 0, 0, 0, 0, 0, 0, 0, 0, 
  use1: 0, 0, 0, 0, 0, 0, 0, 0, 0, 0, 0, 0, 0, 0, 0, 0, 0, 0, 0, 0, 0, 0, 0, 0, 0, 0, 0, 0, 0, 0, 0, 0, 0, 0, 0, 0, 0, 0, 0, 0, 0, 0, 0, 0, 0, 0, 0, 0, 
  in1: 0, 0, 0, 0, 0, 0, 0, 0, 0, 0, 0, 0, 0, 0, 0, 0, 0, 0, 0, 0, 0, 0, 0, 0, 0, 0, 0, 0, 0, 0, 0, 0, 0, 0, 0, 0, 0, 0, 0, 0, 0, 0, 0, 0, 0, 0, 0, 0, 
  out1: 0, 0, 0, 0, 0, 0, 0, 0, 0, 0, 0, 0, 0, 0, 0, 0, 0, 0, 0, 0, 0, 0, 0, 0, 0, 0, 0, 0, 0, 0, 0, 0, 0, 0, 0, 0, 0, 0, 0, 0, 0, 0, 0, 0, 0, 0, 0, 0, 

  block_89:
    $t0 = RET
    push 5
  前驱: 88, 
  后继: 90, 
  def1: 0, 0, 0, 0, 0, 0, 0, 0, 1, 0, 0, 0, 0, 0, 0, 0, 0, 0, 0, 0, 0, 0, 0, 0, 0, 0, 0, 0, 0, 0, 0, 0, 0, 0, 0, 0, 0, 0, 0, 0, 0, 0, 0, 0, 0, 0, 0, 0, 
  use1: 0, 0, 0, 0, 0, 0, 0, 0, 0, 0, 0, 0, 0, 0, 0, 0, 0, 0, 0, 0, 0, 0, 0, 0, 0, 0, 0, 0, 0, 0, 0, 0, 0, 0, 0, 0, 0, 0, 0, 0, 0, 0, 0, 0, 0, 0, 0, 0, 
  in1: 0, 0, 0, 0, 0, 0, 0, 0, 0, 0, 0, 0, 0, 0, 0, 0, 0, 0, 0, 0, 0, 0, 0, 0, 0, 0, 0, 0, 0, 0, 0, 0, 0, 0, 0, 0, 0, 0, 0, 0, 0, 0, 0, 0, 0, 0, 0, 0, 
  out1: 0, 0, 0, 0, 0, 0, 0, 0, 1, 0, 0, 0, 0, 0, 0, 0, 0, 0, 0, 0, 0, 0, 0, 0, 0, 0, 0, 0, 0, 0, 0, 0, 0, 0, 0, 0, 0, 0, 0, 0, 0, 0, 0, 0, 0, 0, 0, 0, 

  block_90:
    call factorial
  前驱: 89, 
  后继: 91, 
  def1: 0, 0, 0, 0, 0, 0, 0, 0, 0, 0, 0, 0, 0, 0, 0, 0, 0, 0, 0, 0, 0, 0, 0, 0, 0, 0, 0, 0, 0, 0, 0, 0, 0, 0, 0, 0, 0, 0, 0, 0, 0, 0, 0, 0, 0, 0, 0, 0, 
  use1: 0, 0, 0, 0, 0, 0, 0, 0, 0, 0, 0, 0, 0, 0, 0, 0, 0, 0, 0, 0, 0, 0, 0, 0, 0, 0, 0, 0, 0, 0, 0, 0, 0, 0, 0, 0, 0, 0, 0, 0, 0, 0, 0, 0, 0, 0, 0, 0, 
  in1: 0, 0, 0, 0, 0, 0, 0, 0, 1, 0, 0, 0, 0, 0, 0, 0, 0, 0, 0, 0, 0, 0, 0, 0, 0, 0, 0, 0, 0, 0, 0, 0, 0, 0, 0, 0, 0, 0, 0, 0, 0, 0, 0, 0, 0, 0, 0, 0, 
  out1: 0, 0, 0, 0, 0, 0, 0, 0, 1, 0, 0, 0, 0, 0, 0, 0, 0, 0, 0, 0, 0, 0, 0, 0, 0, 0, 0, 0, 0, 0, 0, 0, 0, 0, 0, 0, 0, 0, 0, 0, 0, 0, 0, 0, 0, 0, 0, 0, 

  block_91:
    $t1 = RET
    $t2 = $t0 + $t1
    $t3 = 10 + $t2
    $t4 = 9 + $t3
    $t5 = 8 + $t4
    $t6 = 7 + $t5
    $t7 = 6 + $t6
    $t8 = 5 + $t7
    $t9 = 7 + $t8
    $t10 = 2 + $t9
    $t11 = 1 + $t10
    fibo = $t11
    push "fibo: "
    push fibo
    call printf
    push "Test start:"
    call printf
    push "Test printf:"
    call printf
    push "This is a String:"
    call printf
    push " !\\n_\\r_\\t }~"
    call printf
    push '_'
    call printf
    push -100000
    call printf
    push 'x'
    call printf
    push 'x'
    call printf
    push 'X'
    call printf
    push 'X'
    call printf
    push -1024
    call printf
    push "X*2+x/3 = "
    push 216
    call printf
    push "Test scanf:"
    call printf
    push "Please input an integer nnn:"
    call printf
    push nnn
    call scanf
    push "nnn is "
    push nnn
    call printf
    push "Please input a character x:"
    call printf
    push c
    call scanf
    push "x is "
    push c
    call printf
    push "Please input 2 integers a, b and a character x:"
    call printf
    push a
    push b
    push c
    call scanf
    push "a is "
    push a
    call printf
    push "b is "
    push b
    call printf
    push "x is "
    push c
    call printf
    push "Test charcomp:"
    call printf
    i = 1
  前驱: 90, 
  后继: 92, 
  def1: 0, 1, 1, 1, 1, 0, 1, 1, 0, 1, 1, 1, 1, 1, 1, 1, 1, 1, 1, 1, 0, 0, 0, 0, 0, 0, 0, 0, 0, 0, 0, 0, 0, 0, 0, 0, 0, 0, 0, 0, 0, 0, 0, 0, 0, 0, 0, 0, 
  use1: 0, 0, 0, 0, 0, 0, 0, 0, 1, 0, 0, 0, 0, 0, 0, 0, 0, 0, 0, 0, 0, 0, 0, 0, 0, 0, 0, 0, 0, 0, 0, 0, 0, 0, 0, 0, 0, 0, 0, 0, 0, 0, 0, 0, 0, 0, 0, 0, 
  in1: 0, 0, 0, 0, 0, 0, 0, 0, 1, 0, 0, 0, 0, 0, 0, 0, 0, 0, 0, 0, 0, 0, 0, 0, 0, 0, 0, 0, 0, 0, 0, 0, 0, 0, 0, 0, 0, 0, 0, 0, 0, 0, 0, 0, 0, 0, 0, 0, 
  out1: 0, 0, 0, 0, 1, 0, 0, 0, 0, 0, 0, 0, 0, 0, 0, 0, 0, 0, 0, 0, 0, 0, 0, 0, 0, 0, 0, 0, 0, 0, 0, 0, 0, 0, 0, 0, 0, 0, 0, 0, 0, 0, 0, 0, 0, 0, 0, 0, 

  block_92:
    label_31:
    i <= 6
    BZ label_32
  前驱: 91, 99, 
  后继: 100, 93, 
  def1: 0, 0, 0, 0, 0, 0, 0, 0, 0, 0, 0, 0, 0, 0, 0, 0, 0, 0, 0, 0, 1, 0, 0, 0, 0, 0, 0, 0, 0, 0, 0, 0, 0, 0, 0, 0, 0, 0, 0, 0, 0, 0, 0, 0, 0, 0, 0, 0, 
  use1: 0, 0, 0, 0, 1, 0, 0, 0, 0, 0, 0, 0, 0, 0, 0, 0, 0, 0, 0, 0, 0, 0, 0, 0, 0, 0, 0, 0, 0, 0, 0, 0, 0, 0, 0, 0, 0, 0, 0, 0, 0, 0, 0, 0, 0, 0, 0, 0, 
  in1: 0, 0, 0, 0, 1, 0, 0, 0, 0, 0, 0, 0, 0, 0, 0, 0, 0, 0, 0, 0, 0, 0, 0, 0, 0, 0, 0, 0, 0, 0, 0, 0, 0, 0, 0, 0, 0, 0, 0, 0, 0, 0, 0, 0, 0, 0, 0, 0, 
  out1: 0, 0, 0, 0, 1, 0, 0, 0, 0, 0, 0, 0, 0, 0, 0, 0, 0, 0, 0, 0, 0, 0, 0, 0, 0, 0, 0, 0, 0, 0, 0, 0, 0, 0, 0, 0, 0, 0, 0, 0, 0, 0, 0, 0, 0, 0, 0, 0, 

  block_93:
    push 'A'
    push 'a'
    push i
  前驱: 92, 
  后继: 94, 
  def1: 0, 0, 0, 0, 0, 0, 0, 0, 0, 0, 0, 0, 0, 0, 0, 0, 0, 0, 0, 0, 0, 0, 0, 0, 0, 0, 0, 0, 0, 0, 0, 0, 0, 0, 0, 0, 0, 0, 0, 0, 0, 0, 0, 0, 0, 0, 0, 0, 
  use1: 0, 0, 0, 0, 1, 0, 0, 0, 0, 0, 0, 0, 0, 0, 0, 0, 0, 0, 0, 0, 0, 0, 0, 0, 0, 0, 0, 0, 0, 0, 0, 0, 0, 0, 0, 0, 0, 0, 0, 0, 0, 0, 0, 0, 0, 0, 0, 0, 
  in1: 0, 0, 0, 0, 1, 0, 0, 0, 0, 0, 0, 0, 0, 0, 0, 0, 0, 0, 0, 0, 0, 0, 0, 0, 0, 0, 0, 0, 0, 0, 0, 0, 0, 0, 0, 0, 0, 0, 0, 0, 0, 0, 0, 0, 0, 0, 0, 0, 
  out1: 0, 0, 0, 0, 1, 0, 0, 0, 0, 0, 0, 0, 0, 0, 0, 0, 0, 0, 0, 0, 0, 0, 0, 0, 0, 0, 0, 0, 0, 0, 0, 0, 0, 0, 0, 0, 0, 0, 0, 0, 0, 0, 0, 0, 0, 0, 0, 0, 

  block_94:
    call charcomp
  前驱: 93, 
  后继: 95, 
  def1: 0, 0, 0, 0, 0, 0, 0, 0, 0, 0, 0, 0, 0, 0, 0, 0, 0, 0, 0, 0, 0, 0, 0, 0, 0, 0, 0, 0, 0, 0, 0, 0, 0, 0, 0, 0, 0, 0, 0, 0, 0, 0, 0, 0, 0, 0, 0, 0, 
  use1: 0, 0, 0, 0, 0, 0, 0, 0, 0, 0, 0, 0, 0, 0, 0, 0, 0, 0, 0, 0, 0, 0, 0, 0, 0, 0, 0, 0, 0, 0, 0, 0, 0, 0, 0, 0, 0, 0, 0, 0, 0, 0, 0, 0, 0, 0, 0, 0, 
  in1: 0, 0, 0, 0, 1, 0, 0, 0, 0, 0, 0, 0, 0, 0, 0, 0, 0, 0, 0, 0, 0, 0, 0, 0, 0, 0, 0, 0, 0, 0, 0, 0, 0, 0, 0, 0, 0, 0, 0, 0, 0, 0, 0, 0, 0, 0, 0, 0, 
  out1: 0, 0, 0, 0, 1, 0, 0, 0, 0, 0, 0, 0, 0, 0, 0, 0, 0, 0, 0, 0, 0, 0, 0, 0, 0, 0, 0, 0, 0, 0, 0, 0, 0, 0, 0, 0, 0, 0, 0, 0, 0, 0, 0, 0, 0, 0, 0, 0, 

  block_95:
    $t13 = RET
    push $t13
    call printf
    push 'a'
    push 'a'
    push i
  前驱: 94, 
  后继: 96, 
  def1: 0, 0, 0, 0, 0, 0, 0, 0, 0, 0, 0, 0, 0, 0, 0, 0, 0, 0, 0, 0, 0, 1, 0, 0, 0, 0, 0, 0, 0, 0, 0, 0, 0, 0, 0, 0, 0, 0, 0, 0, 0, 0, 0, 0, 0, 0, 0, 0, 
  use1: 0, 0, 0, 0, 1, 0, 0, 0, 0, 0, 0, 0, 0, 0, 0, 0, 0, 0, 0, 0, 0, 0, 0, 0, 0, 0, 0, 0, 0, 0, 0, 0, 0, 0, 0, 0, 0, 0, 0, 0, 0, 0, 0, 0, 0, 0, 0, 0, 
  in1: 0, 0, 0, 0, 1, 0, 0, 0, 0, 0, 0, 0, 0, 0, 0, 0, 0, 0, 0, 0, 0, 0, 0, 0, 0, 0, 0, 0, 0, 0, 0, 0, 0, 0, 0, 0, 0, 0, 0, 0, 0, 0, 0, 0, 0, 0, 0, 0, 
  out1: 0, 0, 0, 0, 1, 0, 0, 0, 0, 0, 0, 0, 0, 0, 0, 0, 0, 0, 0, 0, 0, 0, 0, 0, 0, 0, 0, 0, 0, 0, 0, 0, 0, 0, 0, 0, 0, 0, 0, 0, 0, 0, 0, 0, 0, 0, 0, 0, 

  block_96:
    call charcomp
  前驱: 95, 
  后继: 97, 
  def1: 0, 0, 0, 0, 0, 0, 0, 0, 0, 0, 0, 0, 0, 0, 0, 0, 0, 0, 0, 0, 0, 0, 0, 0, 0, 0, 0, 0, 0, 0, 0, 0, 0, 0, 0, 0, 0, 0, 0, 0, 0, 0, 0, 0, 0, 0, 0, 0, 
  use1: 0, 0, 0, 0, 0, 0, 0, 0, 0, 0, 0, 0, 0, 0, 0, 0, 0, 0, 0, 0, 0, 0, 0, 0, 0, 0, 0, 0, 0, 0, 0, 0, 0, 0, 0, 0, 0, 0, 0, 0, 0, 0, 0, 0, 0, 0, 0, 0, 
  in1: 0, 0, 0, 0, 1, 0, 0, 0, 0, 0, 0, 0, 0, 0, 0, 0, 0, 0, 0, 0, 0, 0, 0, 0, 0, 0, 0, 0, 0, 0, 0, 0, 0, 0, 0, 0, 0, 0, 0, 0, 0, 0, 0, 0, 0, 0, 0, 0, 
  out1: 0, 0, 0, 0, 1, 0, 0, 0, 0, 0, 0, 0, 0, 0, 0, 0, 0, 0, 0, 0, 0, 0, 0, 0, 0, 0, 0, 0, 0, 0, 0, 0, 0, 0, 0, 0, 0, 0, 0, 0, 0, 0, 0, 0, 0, 0, 0, 0, 

  block_97:
    $t14 = RET
    push $t14
    call printf
    push 'a'
    push 'A'
    push i
  前驱: 96, 
  后继: 98, 
  def1: 0, 0, 0, 0, 0, 0, 0, 0, 0, 0, 0, 0, 0, 0, 0, 0, 0, 0, 0, 0, 0, 0, 1, 0, 0, 0, 0, 0, 0, 0, 0, 0, 0, 0, 0, 0, 0, 0, 0, 0, 0, 0, 0, 0, 0, 0, 0, 0, 
  use1: 0, 0, 0, 0, 1, 0, 0, 0, 0, 0, 0, 0, 0, 0, 0, 0, 0, 0, 0, 0, 0, 0, 0, 0, 0, 0, 0, 0, 0, 0, 0, 0, 0, 0, 0, 0, 0, 0, 0, 0, 0, 0, 0, 0, 0, 0, 0, 0, 
  in1: 0, 0, 0, 0, 1, 0, 0, 0, 0, 0, 0, 0, 0, 0, 0, 0, 0, 0, 0, 0, 0, 0, 0, 0, 0, 0, 0, 0, 0, 0, 0, 0, 0, 0, 0, 0, 0, 0, 0, 0, 0, 0, 0, 0, 0, 0, 0, 0, 
  out1: 0, 0, 0, 0, 1, 0, 0, 0, 0, 0, 0, 0, 0, 0, 0, 0, 0, 0, 0, 0, 0, 0, 0, 0, 0, 0, 0, 0, 0, 0, 0, 0, 0, 0, 0, 0, 0, 0, 0, 0, 0, 0, 0, 0, 0, 0, 0, 0, 

  block_98:
    call charcomp
  前驱: 97, 
  后继: 99, 
  def1: 0, 0, 0, 0, 0, 0, 0, 0, 0, 0, 0, 0, 0, 0, 0, 0, 0, 0, 0, 0, 0, 0, 0, 0, 0, 0, 0, 0, 0, 0, 0, 0, 0, 0, 0, 0, 0, 0, 0, 0, 0, 0, 0, 0, 0, 0, 0, 0, 
  use1: 0, 0, 0, 0, 0, 0, 0, 0, 0, 0, 0, 0, 0, 0, 0, 0, 0, 0, 0, 0, 0, 0, 0, 0, 0, 0, 0, 0, 0, 0, 0, 0, 0, 0, 0, 0, 0, 0, 0, 0, 0, 0, 0, 0, 0, 0, 0, 0, 
  in1: 0, 0, 0, 0, 1, 0, 0, 0, 0, 0, 0, 0, 0, 0, 0, 0, 0, 0, 0, 0, 0, 0, 0, 0, 0, 0, 0, 0, 0, 0, 0, 0, 0, 0, 0, 0, 0, 0, 0, 0, 0, 0, 0, 0, 0, 0, 0, 0, 
  out1: 0, 0, 0, 0, 1, 0, 0, 0, 0, 0, 0, 0, 0, 0, 0, 0, 0, 0, 0, 0, 0, 0, 0, 0, 0, 0, 0, 0, 0, 0, 0, 0, 0, 0, 0, 0, 0, 0, 0, 0, 0, 0, 0, 0, 0, 0, 0, 0, 

  block_99:
    $t15 = RET
    push $t15
    call printf
    $t16 = i + 1
    i = $t16
    GOTO label_31
  前驱: 98, 
  后继: 92, 
  def1: 0, 0, 0, 0, 0, 0, 0, 0, 0, 0, 0, 0, 0, 0, 0, 0, 0, 0, 0, 0, 0, 0, 0, 1, 1, 0, 0, 0, 0, 0, 0, 0, 0, 0, 0, 0, 0, 0, 0, 0, 0, 0, 0, 0, 0, 0, 0, 0, 
  use1: 0, 0, 0, 0, 1, 0, 0, 0, 0, 0, 0, 0, 0, 0, 0, 0, 0, 0, 0, 0, 0, 0, 0, 0, 0, 0, 0, 0, 0, 0, 0, 0, 0, 0, 0, 0, 0, 0, 0, 0, 0, 0, 0, 0, 0, 0, 0, 0, 
  in1: 0, 0, 0, 0, 1, 0, 0, 0, 0, 0, 0, 0, 0, 0, 0, 0, 0, 0, 0, 0, 0, 0, 0, 0, 0, 0, 0, 0, 0, 0, 0, 0, 0, 0, 0, 0, 0, 0, 0, 0, 0, 0, 0, 0, 0, 0, 0, 0, 
  out1: 0, 0, 0, 0, 1, 0, 0, 0, 0, 0, 0, 0, 0, 0, 0, 0, 0, 0, 0, 0, 0, 0, 0, 0, 0, 0, 0, 0, 0, 0, 0, 0, 0, 0, 0, 0, 0, 0, 0, 0, 0, 0, 0, 0, 0, 0, 0, 0, 

  block_100:
    label_32:
    push "Test calculate:"
    call printf
    a = -56091
    $t17 = a * 1
    $t18 = -$t17
    $t19 = $t18 + 0
    $t20 = $t19 / 123
    b = $t20
    push "a: "
    push a
    call printf
    push "b: "
    push b
    call printf
    push a
    push b
    push '+'
  前驱: 92, 
  后继: 101, 
  def1: 0, 1, 1, 0, 0, 0, 0, 0, 0, 0, 0, 0, 0, 0, 0, 0, 0, 0, 0, 0, 0, 0, 0, 0, 0, 1, 1, 1, 1, 0, 0, 0, 0, 0, 0, 0, 0, 0, 0, 0, 0, 0, 0, 0, 0, 0, 0, 0, 
  use1: 0, 0, 0, 0, 0, 0, 0, 0, 0, 0, 0, 0, 0, 0, 0, 0, 0, 0, 0, 0, 0, 0, 0, 0, 0, 0, 0, 0, 0, 0, 0, 0, 0, 0, 0, 0, 0, 0, 0, 0, 0, 0, 0, 0, 0, 0, 0, 0, 
  in1: 0, 0, 0, 0, 0, 0, 0, 0, 0, 0, 0, 0, 0, 0, 0, 0, 0, 0, 0, 0, 0, 0, 0, 0, 0, 0, 0, 0, 0, 0, 0, 0, 0, 0, 0, 0, 0, 0, 0, 0, 0, 0, 0, 0, 0, 0, 0, 0, 
  out1: 0, 1, 1, 0, 0, 0, 0, 0, 0, 0, 0, 0, 0, 0, 0, 0, 0, 0, 0, 0, 0, 0, 0, 0, 0, 0, 0, 0, 0, 0, 0, 0, 0, 0, 0, 0, 0, 0, 0, 0, 0, 0, 0, 0, 0, 0, 0, 0, 

  block_101:
    call calculate
  前驱: 100, 
  后继: 102, 
  def1: 0, 0, 0, 0, 0, 0, 0, 0, 0, 0, 0, 0, 0, 0, 0, 0, 0, 0, 0, 0, 0, 0, 0, 0, 0, 0, 0, 0, 0, 0, 0, 0, 0, 0, 0, 0, 0, 0, 0, 0, 0, 0, 0, 0, 0, 0, 0, 0, 
  use1: 0, 0, 0, 0, 0, 0, 0, 0, 0, 0, 0, 0, 0, 0, 0, 0, 0, 0, 0, 0, 0, 0, 0, 0, 0, 0, 0, 0, 0, 0, 0, 0, 0, 0, 0, 0, 0, 0, 0, 0, 0, 0, 0, 0, 0, 0, 0, 0, 
  in1: 0, 1, 1, 0, 0, 0, 0, 0, 0, 0, 0, 0, 0, 0, 0, 0, 0, 0, 0, 0, 0, 0, 0, 0, 0, 0, 0, 0, 0, 0, 0, 0, 0, 0, 0, 0, 0, 0, 0, 0, 0, 0, 0, 0, 0, 0, 0, 0, 
  out1: 0, 1, 1, 0, 0, 0, 0, 0, 0, 0, 0, 0, 0, 0, 0, 0, 0, 0, 0, 0, 0, 0, 0, 0, 0, 0, 0, 0, 0, 0, 0, 0, 0, 0, 0, 0, 0, 0, 0, 0, 0, 0, 0, 0, 0, 0, 0, 0, 

  block_102:
    $t21 = RET
    result = $t21
    push "a b add: "
    push result
    call printf
    push a
    push b
    push '-'
  前驱: 101, 
  后继: 103, 
  def1: 1, 0, 0, 0, 0, 0, 0, 0, 0, 0, 0, 0, 0, 0, 0, 0, 0, 0, 0, 0, 0, 0, 0, 0, 0, 0, 0, 0, 0, 1, 0, 0, 0, 0, 0, 0, 0, 0, 0, 0, 0, 0, 0, 0, 0, 0, 0, 0, 
  use1: 0, 1, 1, 0, 0, 0, 0, 0, 0, 0, 0, 0, 0, 0, 0, 0, 0, 0, 0, 0, 0, 0, 0, 0, 0, 0, 0, 0, 0, 0, 0, 0, 0, 0, 0, 0, 0, 0, 0, 0, 0, 0, 0, 0, 0, 0, 0, 0, 
  in1: 0, 1, 1, 0, 0, 0, 0, 0, 0, 0, 0, 0, 0, 0, 0, 0, 0, 0, 0, 0, 0, 0, 0, 0, 0, 0, 0, 0, 0, 0, 0, 0, 0, 0, 0, 0, 0, 0, 0, 0, 0, 0, 0, 0, 0, 0, 0, 0, 
  out1: 0, 1, 1, 0, 0, 0, 0, 0, 0, 0, 0, 0, 0, 0, 0, 0, 0, 0, 0, 0, 0, 0, 0, 0, 0, 0, 0, 0, 0, 0, 0, 0, 0, 0, 0, 0, 0, 0, 0, 0, 0, 0, 0, 0, 0, 0, 0, 0, 

  block_103:
    call calculate
  前驱: 102, 
  后继: 104, 
  def1: 0, 0, 0, 0, 0, 0, 0, 0, 0, 0, 0, 0, 0, 0, 0, 0, 0, 0, 0, 0, 0, 0, 0, 0, 0, 0, 0, 0, 0, 0, 0, 0, 0, 0, 0, 0, 0, 0, 0, 0, 0, 0, 0, 0, 0, 0, 0, 0, 
  use1: 0, 0, 0, 0, 0, 0, 0, 0, 0, 0, 0, 0, 0, 0, 0, 0, 0, 0, 0, 0, 0, 0, 0, 0, 0, 0, 0, 0, 0, 0, 0, 0, 0, 0, 0, 0, 0, 0, 0, 0, 0, 0, 0, 0, 0, 0, 0, 0, 
  in1: 0, 1, 1, 0, 0, 0, 0, 0, 0, 0, 0, 0, 0, 0, 0, 0, 0, 0, 0, 0, 0, 0, 0, 0, 0, 0, 0, 0, 0, 0, 0, 0, 0, 0, 0, 0, 0, 0, 0, 0, 0, 0, 0, 0, 0, 0, 0, 0, 
  out1: 0, 1, 1, 0, 0, 0, 0, 0, 0, 0, 0, 0, 0, 0, 0, 0, 0, 0, 0, 0, 0, 0, 0, 0, 0, 0, 0, 0, 0, 0, 0, 0, 0, 0, 0, 0, 0, 0, 0, 0, 0, 0, 0, 0, 0, 0, 0, 0, 

  block_104:
    $t22 = RET
    result = $t22
    push "a b sub: "
    push result
    call printf
    push a
    push b
    push '*'
  前驱: 103, 
  后继: 105, 
  def1: 1, 0, 0, 0, 0, 0, 0, 0, 0, 0, 0, 0, 0, 0, 0, 0, 0, 0, 0, 0, 0, 0, 0, 0, 0, 0, 0, 0, 0, 0, 1, 0, 0, 0, 0, 0, 0, 0, 0, 0, 0, 0, 0, 0, 0, 0, 0, 0, 
  use1: 0, 1, 1, 0, 0, 0, 0, 0, 0, 0, 0, 0, 0, 0, 0, 0, 0, 0, 0, 0, 0, 0, 0, 0, 0, 0, 0, 0, 0, 0, 0, 0, 0, 0, 0, 0, 0, 0, 0, 0, 0, 0, 0, 0, 0, 0, 0, 0, 
  in1: 0, 1, 1, 0, 0, 0, 0, 0, 0, 0, 0, 0, 0, 0, 0, 0, 0, 0, 0, 0, 0, 0, 0, 0, 0, 0, 0, 0, 0, 0, 0, 0, 0, 0, 0, 0, 0, 0, 0, 0, 0, 0, 0, 0, 0, 0, 0, 0, 
  out1: 0, 1, 1, 0, 0, 0, 0, 0, 0, 0, 0, 0, 0, 0, 0, 0, 0, 0, 0, 0, 0, 0, 0, 0, 0, 0, 0, 0, 0, 0, 0, 0, 0, 0, 0, 0, 0, 0, 0, 0, 0, 0, 0, 0, 0, 0, 0, 0, 

  block_105:
    call calculate
  前驱: 104, 
  后继: 106, 
  def1: 0, 0, 0, 0, 0, 0, 0, 0, 0, 0, 0, 0, 0, 0, 0, 0, 0, 0, 0, 0, 0, 0, 0, 0, 0, 0, 0, 0, 0, 0, 0, 0, 0, 0, 0, 0, 0, 0, 0, 0, 0, 0, 0, 0, 0, 0, 0, 0, 
  use1: 0, 0, 0, 0, 0, 0, 0, 0, 0, 0, 0, 0, 0, 0, 0, 0, 0, 0, 0, 0, 0, 0, 0, 0, 0, 0, 0, 0, 0, 0, 0, 0, 0, 0, 0, 0, 0, 0, 0, 0, 0, 0, 0, 0, 0, 0, 0, 0, 
  in1: 0, 1, 1, 0, 0, 0, 0, 0, 0, 0, 0, 0, 0, 0, 0, 0, 0, 0, 0, 0, 0, 0, 0, 0, 0, 0, 0, 0, 0, 0, 0, 0, 0, 0, 0, 0, 0, 0, 0, 0, 0, 0, 0, 0, 0, 0, 0, 0, 
  out1: 0, 1, 1, 0, 0, 0, 0, 0, 0, 0, 0, 0, 0, 0, 0, 0, 0, 0, 0, 0, 0, 0, 0, 0, 0, 0, 0, 0, 0, 0, 0, 0, 0, 0, 0, 0, 0, 0, 0, 0, 0, 0, 0, 0, 0, 0, 0, 0, 

  block_106:
    $t23 = RET
    result = $t23
    push "a b mul: "
    push result
    call printf
    push "a b div: "
    push a
    push b
    push '/'
  前驱: 105, 
  后继: 107, 
  def1: 1, 0, 0, 0, 0, 0, 0, 0, 0, 0, 0, 0, 0, 0, 0, 0, 0, 0, 0, 0, 0, 0, 0, 0, 0, 0, 0, 0, 0, 0, 0, 1, 0, 0, 0, 0, 0, 0, 0, 0, 0, 0, 0, 0, 0, 0, 0, 0, 
  use1: 0, 1, 1, 0, 0, 0, 0, 0, 0, 0, 0, 0, 0, 0, 0, 0, 0, 0, 0, 0, 0, 0, 0, 0, 0, 0, 0, 0, 0, 0, 0, 0, 0, 0, 0, 0, 0, 0, 0, 0, 0, 0, 0, 0, 0, 0, 0, 0, 
  in1: 0, 1, 1, 0, 0, 0, 0, 0, 0, 0, 0, 0, 0, 0, 0, 0, 0, 0, 0, 0, 0, 0, 0, 0, 0, 0, 0, 0, 0, 0, 0, 0, 0, 0, 0, 0, 0, 0, 0, 0, 0, 0, 0, 0, 0, 0, 0, 0, 
  out1: 0, 0, 0, 0, 0, 0, 0, 0, 0, 0, 0, 0, 0, 0, 0, 0, 0, 0, 0, 0, 0, 0, 0, 0, 0, 0, 0, 0, 0, 0, 0, 0, 0, 0, 0, 0, 0, 0, 0, 0, 0, 0, 0, 0, 0, 0, 0, 0, 

  block_107:
    call calculate
  前驱: 106, 
  后继: 108, 
  def1: 0, 0, 0, 0, 0, 0, 0, 0, 0, 0, 0, 0, 0, 0, 0, 0, 0, 0, 0, 0, 0, 0, 0, 0, 0, 0, 0, 0, 0, 0, 0, 0, 0, 0, 0, 0, 0, 0, 0, 0, 0, 0, 0, 0, 0, 0, 0, 0, 
  use1: 0, 0, 0, 0, 0, 0, 0, 0, 0, 0, 0, 0, 0, 0, 0, 0, 0, 0, 0, 0, 0, 0, 0, 0, 0, 0, 0, 0, 0, 0, 0, 0, 0, 0, 0, 0, 0, 0, 0, 0, 0, 0, 0, 0, 0, 0, 0, 0, 
  in1: 0, 0, 0, 0, 0, 0, 0, 0, 0, 0, 0, 0, 0, 0, 0, 0, 0, 0, 0, 0, 0, 0, 0, 0, 0, 0, 0, 0, 0, 0, 0, 0, 0, 0, 0, 0, 0, 0, 0, 0, 0, 0, 0, 0, 0, 0, 0, 0, 
  out1: 0, 0, 0, 0, 0, 0, 0, 0, 0, 0, 0, 0, 0, 0, 0, 0, 0, 0, 0, 0, 0, 0, 0, 0, 0, 0, 0, 0, 0, 0, 0, 0, 0, 0, 0, 0, 0, 0, 0, 0, 0, 0, 0, 0, 0, 0, 0, 0, 

  block_108:
    $t24 = RET
    push $t24
    call printf
    push "Test strrev:"
    call printf
    str[0] = 'H'
    str[1] = 'e'
    str[2] = 'l'
    str[3] = 'l'
    str[4] = 'o'
    str[5] = '_'
    str[6] = '1'
    str[7] = '2'
    str[8] = '3'
    push "str before reverse:"
    call printf
    i = 0
  前驱: 107, 
  后继: 109, 
  def1: 0, 0, 0, 0, 1, 0, 0, 0, 0, 0, 0, 0, 0, 0, 0, 0, 0, 0, 0, 0, 0, 0, 0, 0, 0, 0, 0, 0, 0, 0, 0, 0, 1, 0, 0, 0, 0, 0, 0, 0, 0, 0, 0, 0, 0, 0, 0, 0, 
  use1: 0, 0, 0, 0, 0, 0, 0, 0, 0, 0, 0, 0, 0, 0, 0, 0, 0, 0, 0, 0, 0, 0, 0, 0, 0, 0, 0, 0, 0, 0, 0, 0, 0, 0, 0, 0, 0, 0, 0, 0, 0, 0, 0, 0, 0, 0, 0, 0, 
  in1: 0, 0, 0, 0, 0, 0, 0, 0, 0, 0, 0, 0, 0, 0, 0, 0, 0, 0, 0, 0, 0, 0, 0, 0, 0, 0, 0, 0, 0, 0, 0, 0, 0, 0, 0, 0, 0, 0, 0, 0, 0, 0, 0, 0, 0, 0, 0, 0, 
  out1: 0, 0, 0, 0, 1, 0, 0, 0, 0, 0, 0, 0, 0, 0, 0, 0, 0, 0, 0, 0, 0, 0, 0, 0, 0, 0, 0, 0, 0, 0, 0, 0, 0, 0, 0, 0, 0, 0, 0, 0, 0, 0, 0, 0, 0, 0, 0, 0, 

  block_109:
    label_33:
    i < 9
    BZ label_34
  前驱: 108, 110, 
  后继: 111, 110, 
  def1: 0, 0, 0, 0, 0, 0, 0, 0, 0, 0, 0, 0, 0, 0, 0, 0, 0, 0, 0, 0, 0, 0, 0, 0, 0, 0, 0, 0, 0, 0, 0, 0, 0, 1, 0, 0, 0, 0, 0, 0, 0, 0, 0, 0, 0, 0, 0, 0, 
  use1: 0, 0, 0, 0, 1, 0, 0, 0, 0, 0, 0, 0, 0, 0, 0, 0, 0, 0, 0, 0, 0, 0, 0, 0, 0, 0, 0, 0, 0, 0, 0, 0, 0, 0, 0, 0, 0, 0, 0, 0, 0, 0, 0, 0, 0, 0, 0, 0, 
  in1: 0, 0, 0, 0, 1, 0, 0, 0, 0, 0, 0, 0, 0, 0, 0, 0, 0, 0, 0, 0, 0, 0, 0, 0, 0, 0, 0, 0, 0, 0, 0, 0, 0, 0, 0, 0, 0, 0, 0, 0, 0, 0, 0, 0, 0, 0, 0, 0, 
  out1: 0, 0, 0, 0, 1, 0, 0, 0, 0, 0, 0, 0, 0, 0, 0, 0, 0, 0, 0, 0, 0, 0, 0, 0, 0, 0, 0, 0, 0, 0, 0, 0, 0, 0, 0, 0, 0, 0, 0, 0, 0, 0, 0, 0, 0, 0, 0, 0, 

  block_110:
    $t26 = str[i]
    push $t26
    call printf
    $t27 = i + 1
    i = $t27
    GOTO label_33
  前驱: 109, 
  后继: 109, 
  def1: 0, 0, 0, 0, 0, 0, 0, 0, 0, 0, 0, 0, 0, 0, 0, 0, 0, 0, 0, 0, 0, 0, 0, 0, 0, 0, 0, 0, 0, 0, 0, 0, 0, 0, 1, 1, 0, 0, 0, 0, 0, 0, 0, 0, 0, 0, 0, 0, 
  use1: 0, 0, 0, 0, 1, 0, 0, 0, 0, 0, 0, 0, 0, 0, 0, 0, 0, 0, 0, 0, 0, 0, 0, 0, 0, 0, 0, 0, 0, 0, 0, 0, 0, 0, 0, 0, 0, 0, 0, 0, 0, 0, 0, 0, 0, 0, 0, 0, 
  in1: 0, 0, 0, 0, 1, 0, 0, 0, 0, 0, 0, 0, 0, 0, 0, 0, 0, 0, 0, 0, 0, 0, 0, 0, 0, 0, 0, 0, 0, 0, 0, 0, 0, 0, 0, 0, 0, 0, 0, 0, 0, 0, 0, 0, 0, 0, 0, 0, 
  out1: 0, 0, 0, 0, 1, 0, 0, 0, 0, 0, 0, 0, 0, 0, 0, 0, 0, 0, 0, 0, 0, 0, 0, 0, 0, 0, 0, 0, 0, 0, 0, 0, 0, 0, 0, 0, 0, 0, 0, 0, 0, 0, 0, 0, 0, 0, 0, 0, 

  block_111:
    label_34:
    push 0
    push 8
  前驱: 109, 
  后继: 112, 
  def1: 0, 0, 0, 0, 0, 0, 0, 0, 0, 0, 0, 0, 0, 0, 0, 0, 0, 0, 0, 0, 0, 0, 0, 0, 0, 0, 0, 0, 0, 0, 0, 0, 0, 0, 0, 0, 0, 0, 0, 0, 0, 0, 0, 0, 0, 0, 0, 0, 
  use1: 0, 0, 0, 0, 0, 0, 0, 0, 0, 0, 0, 0, 0, 0, 0, 0, 0, 0, 0, 0, 0, 0, 0, 0, 0, 0, 0, 0, 0, 0, 0, 0, 0, 0, 0, 0, 0, 0, 0, 0, 0, 0, 0, 0, 0, 0, 0, 0, 
  in1: 0, 0, 0, 0, 0, 0, 0, 0, 0, 0, 0, 0, 0, 0, 0, 0, 0, 0, 0, 0, 0, 0, 0, 0, 0, 0, 0, 0, 0, 0, 0, 0, 0, 0, 0, 0, 0, 0, 0, 0, 0, 0, 0, 0, 0, 0, 0, 0, 
  out1: 0, 0, 0, 0, 0, 0, 0, 0, 0, 0, 0, 0, 0, 0, 0, 0, 0, 0, 0, 0, 0, 0, 0, 0, 0, 0, 0, 0, 0, 0, 0, 0, 0, 0, 0, 0, 0, 0, 0, 0, 0, 0, 0, 0, 0, 0, 0, 0, 

  block_112:
    call strrev
  前驱: 111, 
  后继: 113, 
  def1: 0, 0, 0, 0, 0, 0, 0, 0, 0, 0, 0, 0, 0, 0, 0, 0, 0, 0, 0, 0, 0, 0, 0, 0, 0, 0, 0, 0, 0, 0, 0, 0, 0, 0, 0, 0, 0, 0, 0, 0, 0, 0, 0, 0, 0, 0, 0, 0, 
  use1: 0, 0, 0, 0, 0, 0, 0, 0, 0, 0, 0, 0, 0, 0, 0, 0, 0, 0, 0, 0, 0, 0, 0, 0, 0, 0, 0, 0, 0, 0, 0, 0, 0, 0, 0, 0, 0, 0, 0, 0, 0, 0, 0, 0, 0, 0, 0, 0, 
  in1: 0, 0, 0, 0, 0, 0, 0, 0, 0, 0, 0, 0, 0, 0, 0, 0, 0, 0, 0, 0, 0, 0, 0, 0, 0, 0, 0, 0, 0, 0, 0, 0, 0, 0, 0, 0, 0, 0, 0, 0, 0, 0, 0, 0, 0, 0, 0, 0, 
  out1: 0, 0, 0, 0, 0, 0, 0, 0, 0, 0, 0, 0, 0, 0, 0, 0, 0, 0, 0, 0, 0, 0, 0, 0, 0, 0, 0, 0, 0, 0, 0, 0, 0, 0, 0, 0, 0, 0, 0, 0, 0, 0, 0, 0, 0, 0, 0, 0, 

  block_113:
    push "str after reverse:"
    call printf
    i = 0
  前驱: 112, 
  后继: 114, 
  def1: 0, 0, 0, 0, 1, 0, 0, 0, 0, 0, 0, 0, 0, 0, 0, 0, 0, 0, 0, 0, 0, 0, 0, 0, 0, 0, 0, 0, 0, 0, 0, 0, 0, 0, 0, 0, 0, 0, 0, 0, 0, 0, 0, 0, 0, 0, 0, 0, 
  use1: 0, 0, 0, 0, 0, 0, 0, 0, 0, 0, 0, 0, 0, 0, 0, 0, 0, 0, 0, 0, 0, 0, 0, 0, 0, 0, 0, 0, 0, 0, 0, 0, 0, 0, 0, 0, 0, 0, 0, 0, 0, 0, 0, 0, 0, 0, 0, 0, 
  in1: 0, 0, 0, 0, 0, 0, 0, 0, 0, 0, 0, 0, 0, 0, 0, 0, 0, 0, 0, 0, 0, 0, 0, 0, 0, 0, 0, 0, 0, 0, 0, 0, 0, 0, 0, 0, 0, 0, 0, 0, 0, 0, 0, 0, 0, 0, 0, 0, 
  out1: 0, 0, 0, 0, 1, 0, 0, 0, 0, 0, 0, 0, 0, 0, 0, 0, 0, 0, 0, 0, 0, 0, 0, 0, 0, 0, 0, 0, 0, 0, 0, 0, 0, 0, 0, 0, 0, 0, 0, 0, 0, 0, 0, 0, 0, 0, 0, 0, 

  block_114:
    label_35:
    i < 9
    BZ label_36
  前驱: 113, 115, 
  后继: 116, 115, 
  def1: 0, 0, 0, 0, 0, 0, 0, 0, 0, 0, 0, 0, 0, 0, 0, 0, 0, 0, 0, 0, 0, 0, 0, 0, 0, 0, 0, 0, 0, 0, 0, 0, 0, 0, 0, 0, 1, 0, 0, 0, 0, 0, 0, 0, 0, 0, 0, 0, 
  use1: 0, 0, 0, 0, 1, 0, 0, 0, 0, 0, 0, 0, 0, 0, 0, 0, 0, 0, 0, 0, 0, 0, 0, 0, 0, 0, 0, 0, 0, 0, 0, 0, 0, 0, 0, 0, 0, 0, 0, 0, 0, 0, 0, 0, 0, 0, 0, 0, 
  in1: 0, 0, 0, 0, 1, 0, 0, 0, 0, 0, 0, 0, 0, 0, 0, 0, 0, 0, 0, 0, 0, 0, 0, 0, 0, 0, 0, 0, 0, 0, 0, 0, 0, 0, 0, 0, 0, 0, 0, 0, 0, 0, 0, 0, 0, 0, 0, 0, 
  out1: 0, 0, 0, 0, 1, 0, 0, 0, 0, 0, 0, 0, 0, 0, 0, 0, 0, 0, 0, 0, 0, 0, 0, 0, 0, 0, 0, 0, 0, 0, 0, 0, 0, 0, 0, 0, 0, 0, 0, 0, 0, 0, 0, 0, 0, 0, 0, 0, 

  block_115:
    $t29 = str[i]
    push $t29
    call printf
    $t30 = i + 1
    i = $t30
    GOTO label_35
  前驱: 114, 
  后继: 114, 
  def1: 0, 0, 0, 0, 0, 0, 0, 0, 0, 0, 0, 0, 0, 0, 0, 0, 0, 0, 0, 0, 0, 0, 0, 0, 0, 0, 0, 0, 0, 0, 0, 0, 0, 0, 0, 0, 0, 1, 1, 0, 0, 0, 0, 0, 0, 0, 0, 0, 
  use1: 0, 0, 0, 0, 1, 0, 0, 0, 0, 0, 0, 0, 0, 0, 0, 0, 0, 0, 0, 0, 0, 0, 0, 0, 0, 0, 0, 0, 0, 0, 0, 0, 0, 0, 0, 0, 0, 0, 0, 0, 0, 0, 0, 0, 0, 0, 0, 0, 
  in1: 0, 0, 0, 0, 1, 0, 0, 0, 0, 0, 0, 0, 0, 0, 0, 0, 0, 0, 0, 0, 0, 0, 0, 0, 0, 0, 0, 0, 0, 0, 0, 0, 0, 0, 0, 0, 0, 0, 0, 0, 0, 0, 0, 0, 0, 0, 0, 0, 
  out1: 0, 0, 0, 0, 1, 0, 0, 0, 0, 0, 0, 0, 0, 0, 0, 0, 0, 0, 0, 0, 0, 0, 0, 0, 0, 0, 0, 0, 0, 0, 0, 0, 0, 0, 0, 0, 0, 0, 0, 0, 0, 0, 0, 0, 0, 0, 0, 0, 

  block_116:
    label_36:
    push "Test factorial and fibonacci:"
    call printf
    push "Please input 2 integers N, n:"
    call printf
    push N
    push n
    call scanf
    push "factorial N is "
    $t31 = N
    push $t31
  前驱: 114, 
  后继: 117, 
  def1: 0, 0, 0, 0, 0, 0, 0, 0, 0, 0, 0, 0, 0, 0, 0, 0, 0, 0, 0, 0, 0, 0, 0, 0, 0, 0, 0, 0, 0, 0, 0, 0, 0, 0, 0, 0, 0, 0, 0, 1, 0, 0, 0, 0, 0, 0, 0, 0, 
  use1: 0, 0, 0, 0, 0, 0, 0, 0, 0, 0, 0, 0, 0, 0, 0, 0, 0, 0, 0, 0, 0, 0, 0, 0, 0, 0, 0, 0, 0, 0, 0, 0, 0, 0, 0, 0, 0, 0, 0, 0, 0, 0, 0, 0, 0, 0, 0, 0, 
  in1: 0, 0, 0, 0, 0, 0, 0, 0, 0, 0, 0, 0, 0, 0, 0, 0, 0, 0, 0, 0, 0, 0, 0, 0, 0, 0, 0, 0, 0, 0, 0, 0, 0, 0, 0, 0, 0, 0, 0, 0, 0, 0, 0, 0, 0, 0, 0, 0, 
  out1: 0, 0, 0, 0, 0, 0, 0, 0, 0, 0, 0, 0, 0, 0, 0, 0, 0, 0, 0, 0, 0, 0, 0, 0, 0, 0, 0, 0, 0, 0, 0, 0, 0, 0, 0, 0, 0, 0, 0, 0, 0, 0, 0, 0, 0, 0, 0, 0, 

  block_117:
    call factorial
  前驱: 116, 
  后继: 118, 
  def1: 0, 0, 0, 0, 0, 0, 0, 0, 0, 0, 0, 0, 0, 0, 0, 0, 0, 0, 0, 0, 0, 0, 0, 0, 0, 0, 0, 0, 0, 0, 0, 0, 0, 0, 0, 0, 0, 0, 0, 0, 0, 0, 0, 0, 0, 0, 0, 0, 
  use1: 0, 0, 0, 0, 0, 0, 0, 0, 0, 0, 0, 0, 0, 0, 0, 0, 0, 0, 0, 0, 0, 0, 0, 0, 0, 0, 0, 0, 0, 0, 0, 0, 0, 0, 0, 0, 0, 0, 0, 0, 0, 0, 0, 0, 0, 0, 0, 0, 
  in1: 0, 0, 0, 0, 0, 0, 0, 0, 0, 0, 0, 0, 0, 0, 0, 0, 0, 0, 0, 0, 0, 0, 0, 0, 0, 0, 0, 0, 0, 0, 0, 0, 0, 0, 0, 0, 0, 0, 0, 0, 0, 0, 0, 0, 0, 0, 0, 0, 
  out1: 0, 0, 0, 0, 0, 0, 0, 0, 0, 0, 0, 0, 0, 0, 0, 0, 0, 0, 0, 0, 0, 0, 0, 0, 0, 0, 0, 0, 0, 0, 0, 0, 0, 0, 0, 0, 0, 0, 0, 0, 0, 0, 0, 0, 0, 0, 0, 0, 

  block_118:
    $t32 = RET
    push $t32
    call printf
  前驱: 117, 
  后继: 119, 
  def1: 0, 0, 0, 0, 0, 0, 0, 0, 0, 0, 0, 0, 0, 0, 0, 0, 0, 0, 0, 0, 0, 0, 0, 0, 0, 0, 0, 0, 0, 0, 0, 0, 0, 0, 0, 0, 0, 0, 0, 0, 1, 0, 0, 0, 0, 0, 0, 0, 
  use1: 0, 0, 0, 0, 0, 0, 0, 0, 0, 0, 0, 0, 0, 0, 0, 0, 0, 0, 0, 0, 0, 0, 0, 0, 0, 0, 0, 0, 0, 0, 0, 0, 0, 0, 0, 0, 0, 0, 0, 0, 0, 0, 0, 0, 0, 0, 0, 0, 
  in1: 0, 0, 0, 0, 0, 0, 0, 0, 0, 0, 0, 0, 0, 0, 0, 0, 0, 0, 0, 0, 0, 0, 0, 0, 0, 0, 0, 0, 0, 0, 0, 0, 0, 0, 0, 0, 0, 0, 0, 0, 0, 0, 0, 0, 0, 0, 0, 0, 
  out1: 0, 0, 0, 0, 0, 0, 0, 0, 0, 0, 0, 0, 0, 0, 0, 0, 0, 0, 0, 0, 0, 0, 0, 0, 0, 0, 0, 0, 0, 0, 0, 0, 0, 0, 0, 0, 0, 0, 0, 0, 0, 0, 0, 0, 0, 0, 0, 0, 

  block_119:
    call init_fibo
  前驱: 118, 
  后继: 120, 
  def1: 0, 0, 0, 0, 0, 0, 0, 0, 0, 0, 0, 0, 0, 0, 0, 0, 0, 0, 0, 0, 0, 0, 0, 0, 0, 0, 0, 0, 0, 0, 0, 0, 0, 0, 0, 0, 0, 0, 0, 0, 0, 0, 0, 0, 0, 0, 0, 0, 
  use1: 0, 0, 0, 0, 0, 0, 0, 0, 0, 0, 0, 0, 0, 0, 0, 0, 0, 0, 0, 0, 0, 0, 0, 0, 0, 0, 0, 0, 0, 0, 0, 0, 0, 0, 0, 0, 0, 0, 0, 0, 0, 0, 0, 0, 0, 0, 0, 0, 
  in1: 0, 0, 0, 0, 0, 0, 0, 0, 0, 0, 0, 0, 0, 0, 0, 0, 0, 0, 0, 0, 0, 0, 0, 0, 0, 0, 0, 0, 0, 0, 0, 0, 0, 0, 0, 0, 0, 0, 0, 0, 0, 0, 0, 0, 0, 0, 0, 0, 
  out1: 0, 0, 0, 0, 0, 0, 0, 0, 0, 0, 0, 0, 0, 0, 0, 0, 0, 0, 0, 0, 0, 0, 0, 0, 0, 0, 0, 0, 0, 0, 0, 0, 0, 0, 0, 0, 0, 0, 0, 0, 0, 0, 0, 0, 0, 0, 0, 0, 

  block_120:
    push "fibonacci n is "
    $t33 = n
    push $t33
  前驱: 119, 
  后继: 121, 
  def1: 0, 0, 0, 0, 0, 0, 0, 0, 0, 0, 0, 0, 0, 0, 0, 0, 0, 0, 0, 0, 0, 0, 0, 0, 0, 0, 0, 0, 0, 0, 0, 0, 0, 0, 0, 0, 0, 0, 0, 0, 0, 1, 0, 0, 0, 0, 0, 0, 
  use1: 0, 0, 0, 0, 0, 0, 0, 0, 0, 0, 0, 0, 0, 0, 0, 0, 0, 0, 0, 0, 0, 0, 0, 0, 0, 0, 0, 0, 0, 0, 0, 0, 0, 0, 0, 0, 0, 0, 0, 0, 0, 0, 0, 0, 0, 0, 0, 0, 
  in1: 0, 0, 0, 0, 0, 0, 0, 0, 0, 0, 0, 0, 0, 0, 0, 0, 0, 0, 0, 0, 0, 0, 0, 0, 0, 0, 0, 0, 0, 0, 0, 0, 0, 0, 0, 0, 0, 0, 0, 0, 0, 0, 0, 0, 0, 0, 0, 0, 
  out1: 0, 0, 0, 0, 0, 0, 0, 0, 0, 0, 0, 0, 0, 0, 0, 0, 0, 0, 0, 0, 0, 0, 0, 0, 0, 0, 0, 0, 0, 0, 0, 0, 0, 0, 0, 0, 0, 0, 0, 0, 0, 0, 0, 0, 0, 0, 0, 0, 

  block_121:
    call fibonacci
  前驱: 120, 
  后继: 122, 
  def1: 0, 0, 0, 0, 0, 0, 0, 0, 0, 0, 0, 0, 0, 0, 0, 0, 0, 0, 0, 0, 0, 0, 0, 0, 0, 0, 0, 0, 0, 0, 0, 0, 0, 0, 0, 0, 0, 0, 0, 0, 0, 0, 0, 0, 0, 0, 0, 0, 
  use1: 0, 0, 0, 0, 0, 0, 0, 0, 0, 0, 0, 0, 0, 0, 0, 0, 0, 0, 0, 0, 0, 0, 0, 0, 0, 0, 0, 0, 0, 0, 0, 0, 0, 0, 0, 0, 0, 0, 0, 0, 0, 0, 0, 0, 0, 0, 0, 0, 
  in1: 0, 0, 0, 0, 0, 0, 0, 0, 0, 0, 0, 0, 0, 0, 0, 0, 0, 0, 0, 0, 0, 0, 0, 0, 0, 0, 0, 0, 0, 0, 0, 0, 0, 0, 0, 0, 0, 0, 0, 0, 0, 0, 0, 0, 0, 0, 0, 0, 
  out1: 0, 0, 0, 0, 0, 0, 0, 0, 0, 0, 0, 0, 0, 0, 0, 0, 0, 0, 0, 0, 0, 0, 0, 0, 0, 0, 0, 0, 0, 0, 0, 0, 0, 0, 0, 0, 0, 0, 0, 0, 0, 0, 0, 0, 0, 0, 0, 0, 

  block_122:
    $t34 = RET
    push $t34
    call printf
    push "Test sort:"
    call printf
    push "Please input 10 numbers:"
    call printf
    i = 0
  前驱: 121, 
  后继: 123, 
  def1: 0, 0, 0, 0, 1, 0, 0, 0, 0, 0, 0, 0, 0, 0, 0, 0, 0, 0, 0, 0, 0, 0, 0, 0, 0, 0, 0, 0, 0, 0, 0, 0, 0, 0, 0, 0, 0, 0, 0, 0, 0, 0, 1, 0, 0, 0, 0, 0, 
  use1: 0, 0, 0, 0, 0, 0, 0, 0, 0, 0, 0, 0, 0, 0, 0, 0, 0, 0, 0, 0, 0, 0, 0, 0, 0, 0, 0, 0, 0, 0, 0, 0, 0, 0, 0, 0, 0, 0, 0, 0, 0, 0, 0, 0, 0, 0, 0, 0, 
  in1: 0, 0, 0, 0, 0, 0, 0, 0, 0, 0, 0, 0, 0, 0, 0, 0, 0, 0, 0, 0, 0, 0, 0, 0, 0, 0, 0, 0, 0, 0, 0, 0, 0, 0, 0, 0, 0, 0, 0, 0, 0, 0, 0, 0, 0, 0, 0, 0, 
  out1: 0, 0, 0, 0, 1, 0, 0, 0, 0, 0, 0, 0, 0, 0, 0, 0, 0, 0, 0, 0, 0, 0, 0, 0, 0, 0, 0, 0, 0, 0, 0, 0, 0, 0, 0, 0, 0, 0, 0, 0, 0, 0, 0, 0, 0, 0, 0, 0, 

  block_123:
    label_37:
    i < 10
    BZ label_38
  前驱: 122, 124, 
  后继: 125, 124, 
  def1: 0, 0, 0, 0, 0, 0, 0, 0, 0, 0, 0, 0, 0, 0, 0, 0, 0, 0, 0, 0, 0, 0, 0, 0, 0, 0, 0, 0, 0, 0, 0, 0, 0, 0, 0, 0, 0, 0, 0, 0, 0, 0, 0, 1, 0, 0, 0, 0, 
  use1: 0, 0, 0, 0, 1, 0, 0, 0, 0, 0, 0, 0, 0, 0, 0, 0, 0, 0, 0, 0, 0, 0, 0, 0, 0, 0, 0, 0, 0, 0, 0, 0, 0, 0, 0, 0, 0, 0, 0, 0, 0, 0, 0, 0, 0, 0, 0, 0, 
  in1: 0, 0, 0, 0, 1, 0, 0, 0, 0, 0, 0, 0, 0, 0, 0, 0, 0, 0, 0, 0, 0, 0, 0, 0, 0, 0, 0, 0, 0, 0, 0, 0, 0, 0, 0, 0, 0, 0, 0, 0, 0, 0, 0, 0, 0, 0, 0, 0, 
  out1: 0, 0, 0, 0, 1, 0, 0, 0, 0, 0, 0, 0, 0, 0, 0, 0, 0, 0, 0, 0, 0, 0, 0, 0, 0, 0, 0, 0, 0, 0, 0, 0, 0, 0, 0, 0, 0, 0, 0, 0, 0, 0, 0, 0, 0, 0, 0, 0, 

  block_124:
    push tmp
    call scanf
    num[i] = tmp
    $t36 = i + 1
    i = $t36
    GOTO label_37
  前驱: 123, 
  后继: 123, 
  def1: 0, 0, 0, 0, 0, 1, 0, 0, 0, 0, 0, 0, 0, 0, 0, 0, 0, 0, 0, 0, 0, 0, 0, 0, 0, 0, 0, 0, 0, 0, 0, 0, 0, 0, 0, 0, 0, 0, 0, 0, 0, 0, 0, 0, 1, 0, 0, 0, 
  use1: 0, 0, 0, 0, 1, 0, 0, 0, 0, 0, 0, 0, 0, 0, 0, 0, 0, 0, 0, 0, 0, 0, 0, 0, 0, 0, 0, 0, 0, 0, 0, 0, 0, 0, 0, 0, 0, 0, 0, 0, 0, 0, 0, 0, 0, 0, 0, 0, 
  in1: 0, 0, 0, 0, 1, 0, 0, 0, 0, 0, 0, 0, 0, 0, 0, 0, 0, 0, 0, 0, 0, 0, 0, 0, 0, 0, 0, 0, 0, 0, 0, 0, 0, 0, 0, 0, 0, 0, 0, 0, 0, 0, 0, 0, 0, 0, 0, 0, 
  out1: 0, 0, 0, 0, 1, 0, 0, 0, 0, 0, 0, 0, 0, 0, 0, 0, 0, 0, 0, 0, 0, 0, 0, 0, 0, 0, 0, 0, 0, 0, 0, 0, 0, 0, 0, 0, 0, 0, 0, 0, 0, 0, 0, 0, 0, 0, 0, 0, 

  block_125:
    label_38:
    push 0
    push 9
  前驱: 123, 
  后继: 126, 
  def1: 0, 0, 0, 0, 0, 0, 0, 0, 0, 0, 0, 0, 0, 0, 0, 0, 0, 0, 0, 0, 0, 0, 0, 0, 0, 0, 0, 0, 0, 0, 0, 0, 0, 0, 0, 0, 0, 0, 0, 0, 0, 0, 0, 0, 0, 0, 0, 0, 
  use1: 0, 0, 0, 0, 0, 0, 0, 0, 0, 0, 0, 0, 0, 0, 0, 0, 0, 0, 0, 0, 0, 0, 0, 0, 0, 0, 0, 0, 0, 0, 0, 0, 0, 0, 0, 0, 0, 0, 0, 0, 0, 0, 0, 0, 0, 0, 0, 0, 
  in1: 0, 0, 0, 0, 0, 0, 0, 0, 0, 0, 0, 0, 0, 0, 0, 0, 0, 0, 0, 0, 0, 0, 0, 0, 0, 0, 0, 0, 0, 0, 0, 0, 0, 0, 0, 0, 0, 0, 0, 0, 0, 0, 0, 0, 0, 0, 0, 0, 
  out1: 0, 0, 0, 0, 0, 0, 0, 0, 0, 0, 0, 0, 0, 0, 0, 0, 0, 0, 0, 0, 0, 0, 0, 0, 0, 0, 0, 0, 0, 0, 0, 0, 0, 0, 0, 0, 0, 0, 0, 0, 0, 0, 0, 0, 0, 0, 0, 0, 

  block_126:
    call sort
  前驱: 125, 
  后继: 127, 
  def1: 0, 0, 0, 0, 0, 0, 0, 0, 0, 0, 0, 0, 0, 0, 0, 0, 0, 0, 0, 0, 0, 0, 0, 0, 0, 0, 0, 0, 0, 0, 0, 0, 0, 0, 0, 0, 0, 0, 0, 0, 0, 0, 0, 0, 0, 0, 0, 0, 
  use1: 0, 0, 0, 0, 0, 0, 0, 0, 0, 0, 0, 0, 0, 0, 0, 0, 0, 0, 0, 0, 0, 0, 0, 0, 0, 0, 0, 0, 0, 0, 0, 0, 0, 0, 0, 0, 0, 0, 0, 0, 0, 0, 0, 0, 0, 0, 0, 0, 
  in1: 0, 0, 0, 0, 0, 0, 0, 0, 0, 0, 0, 0, 0, 0, 0, 0, 0, 0, 0, 0, 0, 0, 0, 0, 0, 0, 0, 0, 0, 0, 0, 0, 0, 0, 0, 0, 0, 0, 0, 0, 0, 0, 0, 0, 0, 0, 0, 0, 
  out1: 0, 0, 0, 0, 0, 0, 0, 0, 0, 0, 0, 0, 0, 0, 0, 0, 0, 0, 0, 0, 0, 0, 0, 0, 0, 0, 0, 0, 0, 0, 0, 0, 0, 0, 0, 0, 0, 0, 0, 0, 0, 0, 0, 0, 0, 0, 0, 0, 

  block_127:
    push "sort result:"
    call printf
    i = 0
  前驱: 126, 
  后继: 128, 
  def1: 0, 0, 0, 0, 1, 0, 0, 0, 0, 0, 0, 0, 0, 0, 0, 0, 0, 0, 0, 0, 0, 0, 0, 0, 0, 0, 0, 0, 0, 0, 0, 0, 0, 0, 0, 0, 0, 0, 0, 0, 0, 0, 0, 0, 0, 0, 0, 0, 
  use1: 0, 0, 0, 0, 0, 0, 0, 0, 0, 0, 0, 0, 0, 0, 0, 0, 0, 0, 0, 0, 0, 0, 0, 0, 0, 0, 0, 0, 0, 0, 0, 0, 0, 0, 0, 0, 0, 0, 0, 0, 0, 0, 0, 0, 0, 0, 0, 0, 
  in1: 0, 0, 0, 0, 0, 0, 0, 0, 0, 0, 0, 0, 0, 0, 0, 0, 0, 0, 0, 0, 0, 0, 0, 0, 0, 0, 0, 0, 0, 0, 0, 0, 0, 0, 0, 0, 0, 0, 0, 0, 0, 0, 0, 0, 0, 0, 0, 0, 
  out1: 0, 0, 0, 0, 1, 0, 0, 0, 0, 0, 0, 0, 0, 0, 0, 0, 0, 0, 0, 0, 0, 0, 0, 0, 0, 0, 0, 0, 0, 0, 0, 0, 0, 0, 0, 0, 0, 0, 0, 0, 0, 0, 0, 0, 0, 0, 0, 0, 

  block_128:
    label_39:
    i < 10
    BZ label_40
  前驱: 127, 129, 
  后继: 130, 129, 
  def1: 0, 0, 0, 0, 0, 0, 0, 0, 0, 0, 0, 0, 0, 0, 0, 0, 0, 0, 0, 0, 0, 0, 0, 0, 0, 0, 0, 0, 0, 0, 0, 0, 0, 0, 0, 0, 0, 0, 0, 0, 0, 0, 0, 0, 0, 1, 0, 0, 
  use1: 0, 0, 0, 0, 1, 0, 0, 0, 0, 0, 0, 0, 0, 0, 0, 0, 0, 0, 0, 0, 0, 0, 0, 0, 0, 0, 0, 0, 0, 0, 0, 0, 0, 0, 0, 0, 0, 0, 0, 0, 0, 0, 0, 0, 0, 0, 0, 0, 
  in1: 0, 0, 0, 0, 1, 0, 0, 0, 0, 0, 0, 0, 0, 0, 0, 0, 0, 0, 0, 0, 0, 0, 0, 0, 0, 0, 0, 0, 0, 0, 0, 0, 0, 0, 0, 0, 0, 0, 0, 0, 0, 0, 0, 0, 0, 0, 0, 0, 
  out1: 0, 0, 0, 0, 1, 0, 0, 0, 0, 0, 0, 0, 0, 0, 0, 0, 0, 0, 0, 0, 0, 0, 0, 0, 0, 0, 0, 0, 0, 0, 0, 0, 0, 0, 0, 0, 0, 0, 0, 0, 0, 0, 0, 0, 0, 0, 0, 0, 

  block_129:
    $t38 = num[i]
    push $t38
    call printf
    $t39 = i + 1
    i = $t39
    GOTO label_39
  前驱: 128, 
  后继: 128, 
  def1: 0, 0, 0, 0, 0, 0, 0, 0, 0, 0, 0, 0, 0, 0, 0, 0, 0, 0, 0, 0, 0, 0, 0, 0, 0, 0, 0, 0, 0, 0, 0, 0, 0, 0, 0, 0, 0, 0, 0, 0, 0, 0, 0, 0, 0, 0, 1, 1, 
  use1: 0, 0, 0, 0, 1, 0, 0, 0, 0, 0, 0, 0, 0, 0, 0, 0, 0, 0, 0, 0, 0, 0, 0, 0, 0, 0, 0, 0, 0, 0, 0, 0, 0, 0, 0, 0, 0, 0, 0, 0, 0, 0, 0, 0, 0, 0, 0, 0, 
  in1: 0, 0, 0, 0, 1, 0, 0, 0, 0, 0, 0, 0, 0, 0, 0, 0, 0, 0, 0, 0, 0, 0, 0, 0, 0, 0, 0, 0, 0, 0, 0, 0, 0, 0, 0, 0, 0, 0, 0, 0, 0, 0, 0, 0, 0, 0, 0, 0, 
  out1: 0, 0, 0, 0, 1, 0, 0, 0, 0, 0, 0, 0, 0, 0, 0, 0, 0, 0, 0, 0, 0, 0, 0, 0, 0, 0, 0, 0, 0, 0, 0, 0, 0, 0, 0, 0, 0, 0, 0, 0, 0, 0, 0, 0, 0, 0, 0, 0, 

  block_130:
    label_40:
    push "Test finished."
    call printf
    ret
  前驱: 128, 
  后继: 
  def1: 0, 0, 0, 0, 0, 0, 0, 0, 0, 0, 0, 0, 0, 0, 0, 0, 0, 0, 0, 0, 0, 0, 0, 0, 0, 0, 0, 0, 0, 0, 0, 0, 0, 0, 0, 0, 0, 0, 0, 0, 0, 0, 0, 0, 0, 0, 0, 0, 
  use1: 0, 0, 0, 0, 0, 0, 0, 0, 0, 0, 0, 0, 0, 0, 0, 0, 0, 0, 0, 0, 0, 0, 0, 0, 0, 0, 0, 0, 0, 0, 0, 0, 0, 0, 0, 0, 0, 0, 0, 0, 0, 0, 0, 0, 0, 0, 0, 0, 
  in1: 0, 0, 0, 0, 0, 0, 0, 0, 0, 0, 0, 0, 0, 0, 0, 0, 0, 0, 0, 0, 0, 0, 0, 0, 0, 0, 0, 0, 0, 0, 0, 0, 0, 0, 0, 0, 0, 0, 0, 0, 0, 0, 0, 0, 0, 0, 0, 0, 
  out1: 0, 0, 0, 0, 0, 0, 0, 0, 0, 0, 0, 0, 0, 0, 0, 0, 0, 0, 0, 0, 0, 0, 0, 0, 0, 0, 0, 0, 0, 0, 0, 0, 0, 0, 0, 0, 0, 0, 0, 0, 0, 0, 0, 0, 0, 0, 0, 0, 

  block_131:
    ret
  前驱: 
  后继: 
  def1: 0, 0, 0, 0, 0, 0, 0, 0, 0, 0, 0, 0, 0, 0, 0, 0, 0, 0, 0, 0, 0, 0, 0, 0, 0, 0, 0, 0, 0, 0, 0, 0, 0, 0, 0, 0, 0, 0, 0, 0, 0, 0, 0, 0, 0, 0, 0, 0, 
  use1: 0, 0, 0, 0, 0, 0, 0, 0, 0, 0, 0, 0, 0, 0, 0, 0, 0, 0, 0, 0, 0, 0, 0, 0, 0, 0, 0, 0, 0, 0, 0, 0, 0, 0, 0, 0, 0, 0, 0, 0, 0, 0, 0, 0, 0, 0, 0, 0, 
  in1: 0, 0, 0, 0, 0, 0, 0, 0, 0, 0, 0, 0, 0, 0, 0, 0, 0, 0, 0, 0, 0, 0, 0, 0, 0, 0, 0, 0, 0, 0, 0, 0, 0, 0, 0, 0, 0, 0, 0, 0, 0, 0, 0, 0, 0, 0, 0, 0, 
  out1: 0, 0, 0, 0, 0, 0, 0, 0, 0, 0, 0, 0, 0, 0, 0, 0, 0, 0, 0, 0, 0, 0, 0, 0, 0, 0, 0, 0, 0, 0, 0, 0, 0, 0, 0, 0, 0, 0, 0, 0, 0, 0, 0, 0, 0, 0, 0, 0, 


